4320.64
4320.65
4320.65
4320.6
4320.6
4320.53
4320.53
4320.53
4320.53
4320.53
4320.53
4320.53
4320.53
4320.53
4320.53
4320.53
4320.53
4320.53
4320.53
4320.53
4320.53
4320.53
4325.6
4325.6
4325.6
4334.36
4333.49
4333.49
4333.98
4331.02
4334.02
4332.2
4333.02
4333.78
4332.77
4333.16
4334.82
4334.44
4337.05
4337.73
4337.73
4334.59
4334.45
4329.98
4329.63
4326.78
4327.51
4327.51
4326.02
4326.02
4328.84
4330.63
4331.11
4335.01
4333.64
4334.34
4332.39
4335.4
4335.4
4336.66
4348.73
4352.08
4362.95
4362.95
4375.3
4377.57
4378.7
4378.7
4381.49
4378.98
4379.43
4383.99
4391.67
4392.84
4393.94
4398.15
4402.45
4404.35
4403.64
4403.74
4402.26
4399.16
4398.49
4392.21
4392.47
4395.14
4395.14
4399.73
4399.73
4396.43
4392.32
4392.8
4393.91
4395.96
4390.96
4391.0
4389.81
4389.81
4393.36
4398.75
4400.1
4400.1
4398.08
4399.73
4402.48
4400.26
4401.97
4402.99
4403.55
4404.57
4406.11
4406.11
4412.61
4413.27
4413.27
4407.42
4408.99
4407.84
4407.75
4406.54
4404.11
4404.11
4404.11
4399.53
4399.53
4400.27
4396.17
4400.15
4400.76
4402.58
4403.59
4406.47
4405.56
4406.23
4405.57
4402.89
4398.88
4398.88
4402.6
4402.6
4403.41
4402.77
4402.79
4404.92
4405.55
4405.55
4400.82
4388.93
4385.4
4385.4
4381.42
4386.3
4383.04
4370.58
4370.58
4363.25
4363.25
4361.06
4367.31
4366.81
4364.27
4365.36
4371.86
4371.86
4376.74
4380.86
4381.46
4378.34
4380.29
4380.29
4380.29
4382.79
4390.71
4390.71
4388.05
4383.93
4383.93
4387.29
4387.87
4382.74
4382.46
4375.46
4377.59
4377.15
4377.89
4377.89
4374.33
4372.51
4369.83
4371.51
4373.49
4376.11
4379.92
4379.92
4380.98
4382.68
4382.69
4382.69
4389.81
4389.63
4374.32
4363.15
4363.15
4356.27
4356.27
4352.06
4350.66
4350.66
4346.23
4342.23
4339.84
4339.84
4352.95
4353.06
4353.06
4353.24
4353.24
4352.48
4351.2
4348.1
4342.02
4334.15
4333.99
4332.54
4332.85
4335.38
4335.38
4341.85
4341.85
4348.2
4346.96
4349.81
4347.9
4347.9
4343.81
4346.85
4347.47
4348.77
4350.81
4350.3
4349.03
4346.04
4346.46
4345.44
4349.08
4354.22
4352.44
4353.56
4351.75
4351.54
4353.79
4353.79
4351.66
4350.91
4351.0
4351.0
4350.53
4350.53
4354.38
4354.38
4362.77
4367.04
4354.54
4361.13
4356.93
4362.36
4361.19
4364.86
4364.86
4370.01
4374.0
4376.9
4379.03
4378.01
4376.4
4376.4
4370.81
4370.81
4370.19
4371.37
4369.63
4369.63
4364.85
4364.85
4370.33
4370.33
4378.42
4377.18
4377.57
4377.57
4377.87
4373.22
4371.51
4370.26
4365.93
4364.92
4364.68
4362.89
4365.0
4365.0
4363.36
4364.64
4366.48
4366.11
4366.11
4358.58
4357.67
4354.82
4358.71
4356.0
4358.34
4358.31
4367.08
4370.92
4371.66
4365.21
4365.21
4364.16
4364.75
4364.75
4373.95
4371.95
4372.0
4370.09
4370.48
4373.32
4374.01
4374.0
4374.0
4374.52
4375.8
4375.8
4374.4
4374.86
4374.86
4376.67
4375.28
4375.22
4375.94
4370.31
4372.71
4371.17
4368.75
4370.16
4371.61
4371.61
4369.65
4369.7
4372.74
4370.75
4371.3
4368.34
4361.26
4361.26
4360.15
4356.42
4349.14
4349.22
4345.11
4343.24
4346.83
4342.63
4342.63
4341.77
4338.01
4334.68
4328.58
4333.8
4329.94
4331.83
4332.43
4331.79
4329.35
4329.31
4329.31
4327.13
4332.56
4332.56
4332.82
4331.08
4329.21
4329.21
4338.31
4335.11
4335.11
4337.71
4337.71
4329.57
4336.53
4330.99
4331.18
4331.47
4332.2
4328.01
4328.01
4324.98
4330.4
4328.51
4332.64
4332.78
4336.92
4337.24
4336.71
4336.71
4334.02
4335.4
4327.97
4330.18
4328.66
4329.52
4328.42
4328.32
4323.75
4324.08
4324.08
4331.38
4330.54
4331.03
4337.21
4333.68
4339.11
4339.11
4332.31
4331.68
4333.13
4333.13
4333.78
4339.54
4342.79
4349.06
4349.06
4342.47
4339.69
4340.3
4344.26
4344.26
4346.38
4341.15
4346.55
4344.69
4338.61
4340.04
4337.0
4335.49
4341.18
4339.04
4339.04
4343.75
4343.75
4330.84
4332.23
4332.23
4337.14
4337.96
4332.89
4333.96
4334.58
4335.08
4335.08
4338.53
4338.53
4340.27
4342.11
4341.58
4341.58
4335.76
4327.65
4327.65
4329.44
4330.36
4330.54
4330.54
4328.52
4334.02
4334.08
4338.76
4338.57
4340.8
4343.91
4348.36
4348.36
4351.27
4351.27
4354.56
4357.57
4356.78
4362.92
4362.38
4359.52
4363.24
4368.25
4368.25
4359.42
4359.42
4361.93
4543.72
4544.49
4544.49
4547.76
4546.49
4543.17
4547.91
4547.91
4559.64
4559.64
4573.75
4580.13
4588.31
4588.31
4594.66
4605.18
4605.18
4611.55
4611.55
4624.14
4610.63
4616.5
4609.47
4609.47
4614.96
4600.59
4600.59
4587.89
4590.43
4590.43
4590.02
4589.76
4587.29
4585.4
4580.2
4581.59
4581.59
4586.36
4584.18
4589.63
4589.63
4597.29
4606.82
4608.74
4612.1
4606.52
4610.73
4602.95
4607.8
4609.16
4613.75
4614.91
4617.66
4615.7
4615.93
4616.4
4611.35
4612.28
4609.75
4609.75
4610.48
4610.48
4614.52
4615.72
4610.51
4610.51
4614.36
4600.96
4600.07
4600.07
4595.86
4591.4
4594.89
4600.94
4598.35
4598.35
4600.12
4600.12
4610.09
4612.71
4614.47
4616.83
4614.8
4615.98
4615.4
4616.89
4616.89
4619.15
4622.18
4616.42
4616.26
4619.35
4619.35
4617.2
4616.19
4616.19
4618.18
4619.32
4623.01
4624.19
4623.6
4625.16
4625.16
4630.34
4630.7
4630.7
4626.64
4626.41
4626.51
4626.4
4621.17
4613.74
4612.19
4616.08
4616.59
4606.05
4602.51
4593.03
4581.54
4859.4
4855.9
4845.08
4843.74
4842.77
4844.07
4847.6
4843.31
4843.31
4835.96
4835.96
4833.44
4830.35
4830.17
4830.17
4835.09
4835.09
4839.71
4839.71
4835.23
4843.34
4843.34
4862.68
4869.7
4873.73
4869.07
4862.31
4864.6
4853.5
4853.5
4848.35
4846.63
4846.77
4846.4
4846.4
4849.28
4850.02
4850.02
4839.54
4844.23
4842.89
4842.97
4840.1
4836.67
4836.67
4837.66
4834.68
4826.25
4826.25
4813.34
4816.87
4815.27
4816.53
4821.69
4821.69
4820.16
4820.16
4814.85
4816.57
4827.35
4830.09
4829.65
4824.69
4828.12
4828.12
4824.7
4822.02
4824.58
4827.61
4828.56
4829.57
4824.3
4825.61
4824.59
4824.58
4827.44
4828.49
4826.48
4826.48
4824.87
4824.14
4827.27
4825.62
4825.62
4828.32
4828.32
4825.37
4829.25
4838.38
4840.56
4840.56
4842.53
4841.31
4841.55
4841.55
4844.26
4844.26
4842.22
4847.24
4847.2
4843.09
4843.09
4845.88
4851.26
4847.79
4852.92
4856.01
4856.01
4865.73
4855.57
4858.21
4858.21
4858.96
4857.14
4860.49
4852.68
4846.34
4844.02
4857.06
4852.67
4859.83
4859.96
4858.23
4861.83
4863.13
4864.37
4864.37
4863.01
4856.05
4856.05
4854.54
4854.54
4840.33
4855.27
4855.27
4848.11
4859.42
4852.17
4852.17
4862.63
4855.3
4878.55
4878.55
4888.15
4888.15
4898.93
4889.65
4903.98
4902.49
4907.6
4907.45
4907.45
4909.79
4907.07
4894.43
4905.2
4909.03
4914.13
4906.21
4902.36
4914.86
4911.67
4917.75
4923.26
4928.08
4926.3
4921.24
4921.24
4915.8
4944.98
4982.27
5043.62
5043.62
5088.28
5109.61
5161.06
5133.03
5137.94
5112.79
5112.21
5099.02
5098.07
5116.6
5116.6
5116.6
5099.85
5116.18
5140.37
5178.97
5176.81
5171.82
5158.4
5163.61
5159.59
5159.59
5143.44
5158.42
5114.64
5135.78
5138.23
5138.23
5146.28
5143.22
5143.22
5153.4
5153.4
5191.63
5191.63
5185.73
5222.46
5226.67
5226.67
5218.12
5218.65
5218.65
5218.65
5207.05
5196.03
5187.74
5188.56
5198.35
5193.06
5193.06
5196.17
5212.21
5225.91
5225.91
5215.86
5207.97
5207.97
5211.29
5205.61
5203.44
5210.87
5200.35
5209.87
5208.46
5197.15
5197.15
5191.66
5188.64
5184.19
5185.85
5185.85
5191.2
5199.57
5191.46
5201.72
5201.72
5202.94
5202.94
5210.71
5198.1
5203.22
5203.22
5209.25
5229.47
5229.47
5229.47
5244.14
5241.87
5240.92
5258.73
5270.81
5270.81
5292.05
5292.05
5310.1
5310.1
5306.18
5323.29
5323.29
5346.99
5363.23
5384.62
5386.17
5386.17
5364.61
5364.61
5364.15
5333.0
5316.86
5282.49
5282.49
5298.11
5298.2
5300.57
5297.39
5287.92
5289.56
5289.56
5266.35
5260.95
5257.68
5268.56
5276.94
5289.65
5302.94
5305.83
5305.83
5316.35
5336.39
5331.94
5330.0
5318.65
5318.65
5311.79
5311.79
5304.52
5308.0
5316.9
5318.15
5318.15
5321.19
5320.68
5320.68
5329.56
5326.88
5334.29
5345.45
5356.01
5349.19
5355.14
5355.14
5343.89
5343.89
5333.94
5341.13
5347.59
5347.59
5346.64
5350.26
5350.26
5319.97
5302.3
5302.3
5293.54
5299.75
5309.52
5309.52
5315.83
5317.01
5317.01
5328.44
5334.49
5336.6
5345.74
5345.25
5340.31
5340.31
5337.69
5354.75
5354.75
5365.07
5392.36
5389.69
5389.69
5401.08
5401.08
5418.84
5433.17
5446.91
5446.91
5453.08
5453.08
5448.02
5442.25
5463.72
5475.18
5495.35
5495.35
5501.36
5501.36
5492.65
5442.96
5452.81
5451.4
5442.95
5442.95
5443.75
5443.75
5459.15
5459.15
5490.12
5509.22
5535.38
5535.38
5569.56
5589.25
5627.3
5637.72
5637.72
5702.77
5772.16
5772.16
5840.3
5829.8
5768.77
5676.84
5676.84
5694.53
5694.53
5738.26
5740.13
5702.78
5666.08
5666.08
5666.08
5725.62
5753.49
5753.49
5747.16
5770.26
5802.83
5807.03
5807.05
5812.39
5820.35
5820.35
5774.54
5770.35
5770.35
5765.91
5754.7
5754.7
5685.67
5691.92
5617.11
5636.22
5636.22
5581.49
5570.98
5509.37
5527.88
5527.88
5585.42
5608.45
5613.66
5613.66
5570.01
5567.58
5569.62
5591.44
5591.44
5568.46
5568.46
5555.64
5593.33
5577.5
5577.41
5583.82
5634.26
5653.0
5653.0
5673.78
5673.78
5657.15
5666.92
5685.8
5685.8
5733.26
5735.79
5735.79
5748.08
5716.69
5706.07
5681.43
5680.83
5680.83
5687.21
5684.86
5691.13
5701.46
5703.02
5695.2
5697.88
5697.48
5697.48
5733.39
5748.79
5749.23
5732.83
5732.83
5711.36
5711.36
5690.13
5683.81
5679.49
5658.4
5652.25
5652.22
5655.29
5655.29
5611.88
5621.12
5611.05
5626.78
5652.58
5657.3
5660.9
5677.13
5681.77
5672.52
5672.52
5669.15
5658.49
5658.49
5658.49
5611.64
5611.64
5619.26
5619.26
5633.1
5621.81
5603.53
5584.62
5603.33
5603.33
5604.81
5604.81
5609.38
5633.39
5633.39
5633.94
5633.94
5628.48
5618.27
5623.59
5703.82
5736.53
5728.46
5767.93
5799.03
5777.08
5779.63
5779.73
5801.7
5792.09
5777.42
5758.68
5764.77
5764.77
5764.77
5739.47
5735.67
5741.49
5768.0
5758.32
5757.26
5767.48
5761.77
5761.77
5748.37
5745.86
5745.86
5745.66
5729.95
5727.18
5727.89
5727.89
5694.15
5694.28
5696.63
5707.45
5709.91
5709.91
5712.69
5735.43
5735.43
5733.15
5730.98
5724.98
5724.14
5724.14
5717.43
5721.44
5721.44
5712.23
5709.77
5713.36
5702.59
5684.53
5692.5
5699.02
5683.7
5675.05
5659.22
5679.29
5667.35
5659.78
5653.92
5638.85
5615.6
5593.57
5559.88
5556.75
5572.91
5570.08
5570.08
5570.08
5568.65
5600.78
5600.78
5583.49
5595.95
5595.95
5599.16
5599.16
5603.46
5628.64
5637.06
5638.79
5640.88
5622.73
5617.48
5605.93
5604.72
5604.72
5613.21
5613.21
5615.01
5615.55
5617.84
5610.26
5606.93
5591.56
5592.19
5593.92
5595.31
5579.51
5572.59
5566.47
5558.44
5574.97
5588.35
5588.35
5627.18
5630.32
5629.52
5629.28
5622.45
5616.07
5616.07
5637.64
5637.64
5644.47
5646.82
5654.51
5647.21
5641.32
5641.32
5639.15
5621.55
5625.46
5622.31
5616.87
5629.43
5626.02
5617.54
5612.52
5604.84
5604.84
5599.7
5613.52
5636.25
5634.41
5636.8
5627.58
5621.43
5618.17
5633.69
5633.69
5631.88
5631.88
5631.88
5628.85
5628.85
5674.07
5674.07
5691.54
5683.13
5666.83
5666.83
5663.44
5667.16
5663.35
5667.49
5667.49
5681.83
5687.1
5682.3
5682.3
5686.67
5689.42
5682.35
5687.55
5687.55
5689.45
5683.47
5689.0
5674.63
5673.39
5673.39
5675.48
5672.92
5673.97
5665.78
5665.78
5631.42
5625.06
5612.09
5612.09
5616.16
5617.59
5627.75
5632.71
5632.71
5628.82
5628.82
5624.68
5613.12
5619.4
5609.94
5611.89
5612.19
5601.13
5595.04
5596.28
5591.64
5591.64
5600.71
5614.79
5617.88
5628.37
5623.27
5636.0
5636.0
5645.81
5645.96
5633.94
5633.94
5636.71
5631.48
5631.48
5626.89
5618.13
5626.48
5628.54
5636.44
5636.44
5654.2
5647.93
5647.93
5648.98
5648.15
5652.14
5640.03
5637.12
5630.87
5630.87
5619.65
5621.11
5627.38
5627.38
5627.37
5630.68
5635.78
5627.26
5631.99
5625.99
5630.6
5618.42
5621.37
5621.37
5634.54
5630.62
5632.36
5641.44
5683.15
5736.67
5745.49
5729.4
5715.58
5733.46
5732.82
5742.97
5732.39
5729.5
5737.51
5735.16
5713.96
5713.54
5708.05
5715.65
5714.26
5717.51
5727.4
5727.4
5694.62
5694.85
5691.25
5696.67
5696.67
5698.84
5703.33
5710.62
5698.18
5709.49
5700.41
5714.93
5728.58
5719.27
5712.4
5716.64
5720.65
5704.96
5713.79
5713.79
5713.79
5716.89
5704.29
5704.29
5716.22
5729.83
5761.22
5761.22
5741.17
5752.02
5752.02
5747.09
5747.09
5762.76
5760.71
5741.49
5735.34
5728.63
5743.79
5723.62
5725.31
5718.12
5718.12
5718.9
5748.46
5747.74
5747.74
5759.01
5753.27
5763.02
5761.74
5769.23
5763.94
5763.94
5761.66
5742.12
5752.55
5752.55
5753.53
5760.94
5760.94
5756.33
5759.1
5757.13
5760.91
5742.28
5742.28
5717.68
5717.68
5711.33
5700.77
5709.47
5709.47
5701.55
5701.55
5702.94
5693.54
5707.07
5691.92
5699.36
5699.36
5705.97
5708.53
5711.96
5713.54
5721.0
5721.0
5713.73
5710.42
5712.27
5711.81
5710.8
5710.8
5711.28
5713.22
5709.37
5700.54
5697.09
5705.36
5705.36
5702.47
5705.73
5705.73
5710.44
5710.85
5704.65
5705.34
5712.4
5712.4
5728.69
5727.99
5735.78
5735.78
5741.83
5745.41
5742.36
5738.96
5738.96
5737.54
5737.54
5749.15
5734.37
5744.25
5750.11
5756.2
5769.64
5765.29
5782.76
5782.76
5820.96
5837.7
5830.24
5830.24
5831.79
5835.96
5852.32
5852.32
5846.85
5831.4
5825.84
5836.37
5836.45
5821.35
5821.35
5809.1
5811.09
5811.09
5813.53
5817.67
5813.48
5810.04
5806.87
5812.29
5814.9
5826.05
5835.97
5842.93
5842.67
5842.67
5846.31
5842.91
5836.72
5838.28
5838.16
5838.56
5841.41
5852.48
5848.34
5848.34
5839.19
5837.43
5822.61
5817.36
5817.36
5812.41
5796.55
5796.34
5805.12
5805.12
5792.94
5792.94
5799.93
5799.93
5798.55
5798.55
5767.59
5767.59
5762.12
5764.52
5758.72
5758.72
5762.85
5762.65
5777.1
5777.1
5779.23
5776.32
5775.14
5777.43
5784.85
5789.13
5789.13
5787.25
5792.24
5789.29
5794.66
5790.04
5786.03
5781.76
5775.23
5771.69
5771.69
5772.5
5773.12
5779.08
5779.08
5781.8
5781.8
5790.13
5790.13
5793.83
5793.83
5800.0
5791.83
5791.83
5776.75
5765.11
5708.07
5651.9
5651.9
5651.9
5615.93
5615.93
5597.29
5618.05
5618.05
5607.69
5606.92
5578.53
5578.53
5523.68
5539.92
5552.06
5567.82
5567.82
5569.53
5580.37
5580.79
5580.79
5571.93
5571.93
5561.22
5561.22
5558.71
5558.71
5560.8
5585.09
5594.6
5598.08
5592.81
5585.17
5584.1
5590.72
5591.89
5591.89
5573.7
5572.23
5572.23
5557.88
5516.7
5516.7
5487.07
5478.61
5484.45
5495.13
5495.13
5508.73
5522.45
5527.79
5513.97
5519.52
5513.13
5512.84
5515.33
5515.33
5490.77
5495.46
5508.65
5508.65
5507.57
5528.09
5519.4
5519.4
5535.12
5555.43
5554.08
5554.08
5565.63
5551.29
5551.29
5539.76
5532.4
5534.2
5536.51
5538.62
5540.16
5541.86
5562.84
5571.43
5579.97
5579.97
5573.95
5573.95
5565.12
5566.01
5566.01
5561.82
5553.27
5553.27
5540.14
5540.14
5541.24
5541.24
5556.3
5550.91
5531.2
5531.2
5507.13
5495.92
5505.01
5505.01
5521.38
5517.56
5517.56
5521.39
5521.39
5521.7
5528.86
5528.86
5529.55
5527.02
5519.75
5517.28
5516.03
5516.03
5536.96
5536.15
5527.12
5514.64
5512.88
5512.88
5523.29
5521.38
5530.11
5526.46
5526.46
5528.07
5532.45
5532.92
5536.24
5536.27
5536.84
5528.93
5528.93
5525.6
5524.39
5524.39
5524.39
5523.9
5523.9
5510.96
5507.26
5500.97
5493.51
5495.49
5488.46
5499.33
5503.49
5503.49
5510.82
5510.82
5515.81
5509.59
5510.82
5516.5
5515.19
5512.12
5509.49
5508.22
5548.24
5561.49
5561.49
5618.92
5630.8
5630.8
5645.53
5641.79
5641.79
5641.79
5645.58
5645.58
5666.39
5683.4
5683.4
5716.3
5716.3
5716.98
5716.98
5714.61
5711.98
5685.29
5686.18
5680.33
5676.0
5678.19
5687.57
5697.52
5699.69
5697.36
5685.19
5687.74
5681.64
5681.64
5690.7
5692.52
5704.59
5701.54
5697.45
5686.98
5686.98
5687.17
5687.17
5683.29
5677.37
5673.32
5679.62
5679.62
5669.7
5669.7
5672.77
5670.98
5679.51
5682.94
5691.77
5691.77
5690.34
5698.12
5697.45
5697.45
5688.99
5678.46
5678.46
5677.53
5678.36
5678.36
5678.16
5679.83
5683.47
5676.24
5676.24
5676.24
5627.99
5615.68
5625.02
5625.75
5625.49
5626.27
5630.7
5627.04
5627.04
5623.37
5623.37
5623.71
5615.98
5609.85
5608.51
5608.51
5608.6
5596.49
5599.58
5599.58
5604.08
5624.43
5645.33
5642.58
5642.89
5635.49
5633.45
5634.41
5628.25
5610.75
5607.54
5607.54
5627.3
5623.31
5623.31
5627.7
5627.7
5629.26
5623.83
5623.65
5619.48
5617.19
5617.19
5576.55
5568.85
5568.85
5595.3
5595.3
5575.16
5575.16
5600.35
5608.9
5607.55
5607.55
5589.13
5570.67
5577.14
5577.14
5581.05
5577.2
5568.42
5568.2
5569.35
5553.35
5553.35
5544.21
5549.91
5559.01
5560.32
5560.24
5560.89
5560.89
5582.34
5582.58
5582.58
5620.34
5625.6
5645.72
5658.84
5693.01
5689.17
5689.17
5699.43
5699.43
5699.43
5718.72
5738.77
5767.22
5776.23
5752.11
5747.87
5715.93
5738.98
5752.46
5681.96
5705.86
5705.33
5706.64
5706.64
5736.8
5723.56
5729.03
5729.03
5730.34
5730.34
5691.12
5694.28
5695.66
5684.51
5656.69
5645.8
5645.8
5626.63
5626.63
5670.65
5687.83
5694.16
5689.54
5689.54
5653.29
5676.72
5676.72
5666.0
5676.5
5681.4
5693.8
5712.16
5722.73
5709.95
5715.4
5726.22
5719.67
5719.67
5733.8
5743.09
5741.25
5764.89
5773.12
5773.12
5699.68
5702.05
5678.78
5678.78
5685.08
5691.37
5691.78
5726.93
5737.83
5737.83
5724.44
5740.31
5752.88
5750.83
5750.83
5738.62
5728.33
5690.53
5678.65
5676.13
5673.5
5673.5
5684.6
5683.32
5675.23
5645.37
5669.55
5669.55
5669.55
5686.04
5682.36
5690.07
5690.07
5705.87
5705.87
5715.9
5699.05
5699.05
5708.92
5708.92
5719.38
5696.39
5696.39
5663.2
5668.23
5668.23
5658.57
5658.57
5658.57
5643.59
5614.43
5610.34
5603.99
5603.99
5637.15
5680.66
5666.89
5669.42
5660.25
5641.5
5644.09
5646.1
5659.32
5659.32
5656.89
5650.11
5650.11
5657.69
5624.41
5624.41
5654.29
5645.31
5650.13
5652.55
5644.14
5649.87
5654.4
5654.4
5647.27
5632.54
5639.17
5639.17
5648.35
5645.35
5637.37
5639.22
5633.99
5636.5
5629.46
5629.46
5638.69
5648.36
5673.95
5700.96
5759.73
5751.56
5738.64
5739.81
5733.76
5729.14
5730.98
5725.59
5741.58
5741.58
5749.5
5748.39
5732.21
5721.82
5732.99
5733.19
5723.89
5723.89
5725.98
5725.98
5743.76
5744.16
5742.52
5742.52
5724.37
5720.51
5714.42
5680.31
5656.85
5656.85
5606.32
5596.25
5613.78
5594.25
5596.87
5596.87
5598.42
5618.11
5631.97
5634.01
5634.01
5634.01
5629.59
5628.91
5634.76
5640.45
5642.82
5642.82
5652.74
5652.74
5641.92
5629.23
5565.45
5568.03
5568.03
5571.15
5574.81
5558.07
5530.75
5542.94
5559.86
5559.86
5547.38
5539.12
5539.12
5557.45
5572.71
5572.71
5574.52
5565.24
5532.87
5527.36
5522.29
5501.56
5476.93
5476.93
5486.39
5486.39
5486.39
5474.78
5480.12
5472.72
5478.26
5485.37
5525.04
5686.74
5663.24
5674.4
5698.41
5705.6
5732.46
5730.11
5708.68
5713.87
5711.99
5719.29
5727.92
5732.58
5753.07
5771.49
5757.48
5757.48
5755.44
5742.81
5722.91
5729.08
5704.06
5715.74
5736.65
5736.65
5729.15
5724.84
5747.72
5766.34
5800.35
5788.79
5779.73
5783.61
5776.87
5769.91
5767.23
5770.47
5768.53
5769.68
5760.54
5770.32
5791.32
5791.7
5779.12
5754.66
5759.77
5759.77
5757.51
5757.51
5732.53
5742.18
5742.18
5740.71
5722.03
5734.44
5724.78
5728.1
5720.08
5735.03
5731.19
5732.79
5732.29
5732.29
5653.89
5674.48
5681.69
5681.69
5676.61
5657.7
5657.7
5660.92
5672.34
5662.77
5667.53
5681.03
5684.84
5684.84
5669.23
5669.23
5682.17
5664.48
5676.97
5676.97
5679.6
5679.6
5679.37
5679.37
5690.66
5687.38
5688.19
5675.24
5675.24
5688.98
5685.94
5685.94
5680.43
5680.78
5675.89
5673.66
5673.66
5655.18
5650.3
5650.3
5651.08
5651.08
5648.67
5656.4
5656.4
5653.63
5653.63
5669.77
5664.05
5665.95
5665.95
5659.88
5660.11
5664.15
5656.7
5658.0
5667.78
5666.35
5660.91
5660.91
5657.38
5657.38
5665.09
5662.6
5656.37
5651.34
5654.22
5654.22
5660.25
5662.47
5667.22
5669.33
5637.46
5637.46
5637.46
5640.48
5633.94
5638.44
5629.19
5636.18
5636.18
5642.06
5642.06
5641.01
5635.64
5631.62
5631.62
5627.66
5623.05
5629.16
5625.33
5623.49
5618.59
5619.58
5624.62
5637.3
5637.3
5639.23
5636.25
5636.25
5630.26
5634.76
5643.1
5632.26
5622.37
5622.37
5629.77
5605.18
5601.25
5583.38
5587.96
5587.96
5592.9
5592.9
5603.91
5612.64
5606.23
5594.08
5588.7
5595.9
5597.26
5597.87
5600.16
5601.07
5592.45
5590.68
5590.68
5597.82
5598.82
5600.27
5600.27
5589.65
5584.63
5584.63
5585.59
5585.9
5566.83
5566.83
5585.38
5585.38
5575.63
5601.69
5588.65
5602.89
5602.89
5612.99
5612.99
5619.74
5603.82
5578.94
5566.1
5557.11
5557.11
5540.28
5531.04
5543.35
5543.35
5539.02
5539.02
5535.53
5533.87
5536.55
5536.55
5526.31
5524.22
5520.2
5518.26
5529.4
5516.22
5522.32
5521.39
5521.39
5516.25
5499.05
5504.87
5505.91
5518.25
5520.61
5522.61
5513.62
5521.33
5508.65
5508.65
5504.64
5515.46
5498.51
5495.77
5495.11
5504.27
5493.26
5492.3
5492.3
5479.72
5480.89
5491.6
5493.59
5516.31
5514.3
5524.42
5534.38
5543.96
5542.85
5533.38
5524.74
5532.58
5537.41
5541.53
5539.46
5539.34
5539.34
5537.25
5538.07
5550.9
5544.53
5544.53
5551.12
5543.4
5532.74
5512.91
5501.61
5504.93
5497.5
5473.69
5473.69
5406.25
5406.25
5416.85
5415.3
5383.84
5387.67
5380.72
5384.1
5381.75
5374.17
5387.84
5387.84
5386.13
5390.81
5389.14
5385.01
5378.27
5372.66
5340.32
5322.92
5279.08
5284.42
5294.43
5314.86
5330.07
5322.27
5321.88
5321.88
5355.58
5363.8
5362.42
5362.42
5376.73
5376.73
5390.07
5378.13
5369.87
5357.88
5358.0
5368.15
5363.72
5370.6
5373.04
5366.01
5366.81
5349.87
5349.87
5320.91
5318.42
5318.42
5333.9
5332.03
5331.65
5338.05
5327.42
5327.42
5329.3
5301.86
5301.86
5301.86
5294.83
5298.89
5291.24
5277.97
5274.12
5291.18
5299.71
5326.74
5320.23
5330.37
5340.73
5339.97
5339.97
5339.97
5324.67
5332.52
5334.58
5321.21
5317.16
5310.35
5310.35
5301.64
5294.09
5291.56
5296.47
5296.47
5286.41
5286.41
5260.16
5260.16
5247.5
5247.5
5199.52
5188.21
5170.45
5170.45
5169.86
5185.63
5185.63
5208.4
5217.75
5214.21
5214.21
5214.55
5230.33
5223.48
5213.8
5210.02
5210.37
5216.54
5230.92
5244.59
5256.9
5259.89
5259.89
5346.13
5364.51
5359.38
5370.09
5387.15
5400.76
5407.85
5403.85
5402.46
5409.54
5407.01
5404.93
5397.22
5402.13
5425.72
5438.46
5438.66
5430.86
5421.84
5421.98
5405.81
5405.81
5393.52
5393.23
5393.23
5388.08
5387.05
5387.05
5399.33
5399.33
5434.13
5441.81
5439.17
5434.25
5433.14
5428.79
5427.55
5422.54
5430.27
5430.27
5426.63
5418.68
5418.94
5400.78
5411.53
5423.37
5420.64
5420.64
5420.64
5408.19
5408.19
5429.51
5429.51
5432.79
5427.96
5429.83
5435.35
5435.23
5444.98
5450.14
5488.33
5495.44
5495.44
5511.25
5506.32
5516.05
5530.89
5530.89
5533.37
5525.66
5514.5
5516.46
5513.42
5517.85
5517.85
5527.78
5527.78
5528.69
5536.62
5538.74
5545.1
5572.8
5595.75
5590.65
5589.08
5594.25
5594.25
5578.65
5576.77
5574.5
5574.5
5583.85
5597.94
5596.58
5601.78
5595.09
5590.69
5583.74
5565.85
5553.89
5553.27
5553.27
5557.06
5548.67
5547.41
5547.41
5531.06
5532.42
5532.42
5546.08
5572.73
5572.73
5591.45
5614.17
5612.12
5612.12
5614.65
5628.63
5632.41
5634.66
5625.88
5631.27
5628.41
5630.24
5633.12
5633.12
5627.78
5629.88
5629.88
5603.46
5603.97
5605.89
5598.41
5600.69
5593.63
5603.73
5608.64
5606.73
5618.17
5615.11
5616.62
5620.2
5617.76
5617.76
5634.14
5630.89
5645.08
5651.24
5654.17
5654.17
5654.48
5654.48
5657.19
5657.19
5654.86
5646.73
5648.49
5651.0
5649.35
5649.35
5652.33
5661.42
5663.87
5660.24
5654.01
5654.01
5646.39
5639.69
5623.94
5627.89
5627.89
5627.89
5632.65
5627.13
5623.0
5626.93
5626.93
5607.69
5592.97
5589.08
5582.23
5565.72
5574.55
5567.21
5585.33
5595.69
5601.67
5602.49
5602.49
5617.22
5617.09
5612.2
5612.2
5610.36
5602.0
5612.86
5621.67
5621.67
5643.36
5648.98
5648.74
5641.03
5644.8
5636.42
5632.32
5629.61
5639.57
5626.59
5626.59
5630.04
5629.88
5629.88
5641.97
5641.97
5683.36
5687.47
5694.44
5693.48
5690.7
5676.9
5669.59
5679.04
5680.47
5696.01
5701.41
5697.13
5693.48
5692.44
5690.4
5692.32
5701.36
5701.36
5698.82
5691.24
5696.56
5696.56
5701.19
5702.06
5697.87
5707.1
5694.15
5695.52
5683.57
5672.82
5668.03
5661.27
5676.69
5676.69
5678.07
5682.24
5683.71
5683.71
5674.52
5667.62
5660.88
5672.59
5679.62
5691.39
5698.44
5699.4
5708.56
5720.81
5720.62
5723.21
5730.65
5733.22
5735.51
5725.66
5731.87
5732.83
5732.83
5742.29
5732.23
5727.66
5729.75
5715.68
5704.42
5704.42
5718.06
5703.52
5702.14
5690.38
5694.05
5703.03
5700.3
5700.3
5698.18
5698.18
5646.82
5665.43
5659.88
5670.16
5672.81
5668.99
5668.99
5665.52
5680.43
5680.43
5685.4
5684.16
5679.81
5684.56
5684.56
5679.66
5679.66
5675.89
5671.66
5656.58
5663.48
5667.35
5668.37
5669.43
5674.46
5675.95
5670.53
5663.08
5670.7
5669.76
5666.74
5665.89
5661.27
5661.27
5675.59
5673.14
5674.88
5670.24
5671.57
5665.72
5666.46
5661.84
5667.74
5659.48
5660.65
5644.18
5642.24
5642.24
5635.29
5634.25
5634.25
5643.75
5643.75
5681.24
5681.24
5697.81
5696.12
5695.42
5706.89
5713.8
5699.25
5699.25
5704.74
5704.74
5703.63
5705.21
5696.51
5710.58
5696.9
5703.97
5703.97
5700.91
5700.91
5744.35
5728.59
5728.59
5710.39
5704.3
5704.3
5704.3
5712.43
5737.63
5739.84
5736.73
5729.14
5738.26
5732.77
5725.71
5720.23
5720.23
5720.23
5725.33
5714.34
5714.34
5714.34
5700.28
5707.58
5708.11
5713.35
5713.35
5724.91
5719.43
5718.57
5723.06
5719.6
5723.22
5723.22
5729.62
5718.77
5718.77
5725.27
5725.27
5720.46
5717.45
5707.3
5707.3
5693.73
5704.88
5704.88
5697.31
5699.95
5703.9
5706.12
5681.48
5686.72
5690.72
5690.67
5696.19
5685.18
5666.28
5676.04
5670.57
5675.76
5675.76
5688.34
5693.46
5702.11
5702.11
5692.1
5694.72
5696.67
5705.53
5709.38
5690.83
5706.04
5696.59
5697.47
5697.47
5713.86
5703.87
5718.36
5707.19
5717.41
5704.31
5709.03
5702.38
5706.72
5709.0
5709.0
5689.46
5697.72
5697.72
5686.78
5684.32
5691.64
5688.02
5682.13
5674.67
5696.84
5696.84
5673.43
5673.43
5697.98
5689.33
5667.99
5659.55
5659.55
5655.33
5638.39
5631.58
5635.09
5639.27
5627.23
5648.34
5644.55
5654.33
5654.33
5652.14
5657.09
5656.72
5656.72
5663.97
5652.1
5658.92
5658.92
5664.06
5667.78
5675.5
5669.73
5669.73
5668.36
5668.36
5654.3
5651.4
5654.93
5655.74
5650.13
5645.93
5648.91
5639.11
5651.03
5638.66
5643.39
5642.0
5642.65
5639.55
5636.13
5653.31
5649.53
5645.37
5649.55
5657.51
5642.96
5657.76
5661.15
5656.46
5648.63
5653.95
5653.54
5664.07
5668.78
5665.36
5657.36
5658.39
5657.73
5660.56
5661.36
5659.89
5648.51
5652.06
5648.02
5649.75
5647.15
5650.77
5646.72
5649.98
5643.35
5649.08
5636.82
5636.82
5641.74
5641.74
5643.75
5643.35
5640.97
5640.97
5636.27
5638.4
5641.67
5641.67
5640.03
5655.68
5663.09
5663.09
5685.49
5688.88
5688.11
5696.91
5703.45
5718.85
5739.35
5777.6
5804.51
5845.66
5879.3
5901.82
5901.82
5943.38
5958.73
5975.05
5964.51
5983.49
5972.74
5964.67
5958.6
5958.6
5982.53
5972.17
5944.98
5945.63
5945.63
5943.91
5970.34
5970.34
5965.58
5990.01
5977.35
5988.06
5988.06
5996.5
5988.83
5979.68
5975.51
5938.63
5956.37
5954.7
5954.7
5961.6
5952.58
5952.58
5955.79
5956.19
5957.25
5971.41
5978.6
5991.79
5981.32
5975.2
5984.83
5980.89
5978.23
5979.71
5971.02
5970.67
5970.67
5974.49
5978.03
5978.03
5986.4
5986.4
5976.59
5998.54
6008.17
6003.91
6003.91
6014.24
6041.43
5996.5
6055.39
6060.11
6024.39
6030.32
6046.94
6038.98
6041.47
6029.17
5989.74
5999.12
5969.7
5986.63
5988.97
5994.32
5996.87
5979.11
5970.46
5952.25
5952.25
5953.3
5957.99
5957.99
5963.1
5969.0
5966.05
5960.09
5955.66
5955.66
5982.11
5982.11
5982.11
5982.0
5989.92
5976.17
5979.76
5979.76
5990.45
5998.6
5997.73
5999.54
5999.2
5999.2
6002.15
6008.62
6008.62
6015.41
6011.45
5996.79
5994.22
5982.57
5982.57
5987.37
5976.89
5970.17
5970.17
5965.21
5965.21
5967.66
5970.48
5973.34
5972.33
5979.3
6014.56
6011.6
6015.23
6015.23
6015.23
6079.34
6079.31
6074.33
6071.84
6069.67
6069.67
6083.23
6091.56
6095.74
6081.93
6081.93
6086.81
6083.71
6083.71
6083.22
6080.14
6078.04
6078.75
6076.26
6076.26
6091.22
6095.75
6097.66
6111.82
6125.5
6111.41
6109.64
6109.64
6110.46
6117.1
6117.1
6129.9
6146.4
6159.1
6134.2
6105.76
6099.38
6082.43
6066.15
6067.53
6073.95
6078.58
6078.58
6054.85
6056.83
6056.83
6070.49
6070.49
6086.83
6083.46
6093.51
6094.14
6093.46
6097.26
6097.26
6107.72
6096.4
6094.03
6094.03
6079.17
6078.89
6081.72
6083.53
6083.53
6087.56
6087.56
6096.55
6098.77
6098.77
6103.9
6108.02
6107.11
6113.06
6123.65
6125.92
6117.72
6113.62
6087.68
6086.63
6084.09
6084.09
6087.28
6087.28
6095.26
6097.12
6100.27
6100.27
6102.75
6089.81
6089.81
6091.91
6091.91
6093.79
6094.86
6096.37
6097.5
6093.63
6096.98
6096.25
6097.62
6097.62
6108.73
6111.87
6120.91
6124.89
6115.42
6101.16
6103.28
6116.76
6128.39
6120.91
6122.79
6125.82
6119.32
6117.25
6117.25
6118.1
6124.63
6126.33
6125.36
6133.49
6136.17
6135.37
6128.73
6149.21
6149.21
6155.03
6152.54
6154.77
6152.07
6144.39
6140.64
6130.26
6120.88
6114.71
6117.62
6126.3
6133.41
6133.41
6125.7
6130.83
6128.91
6131.44
6131.44
6130.07
6130.07
6127.7
6127.7
6131.01
6147.56
6147.25
6150.87
6170.97
6194.88
6184.52
6188.75
6178.17
6182.05
6182.05
6155.64
6153.35
6153.35
6163.07
6166.18
6160.89
6162.32
6173.67
6177.1
6189.38
6179.92
6181.58
6178.57
6174.46
6174.46
6172.31
6172.31
6177.41
6184.33
6187.11
6185.59
6178.44
6160.19
6161.62
6151.0
6151.0
6147.8
6063.04
6040.68
6030.53
6030.53
5985.24
5985.24
6014.73
6014.73
6050.06
6026.02
6040.67
6011.19
6011.19
6028.61
6032.28
6030.38
6041.58
6041.58
6060.36
6058.74
6078.4
6073.24
6080.92
6074.06
6064.17
6058.96
6058.96
6060.12
6064.12
6064.12
6070.67
6073.39
6068.99
6060.0
6067.04
6067.04
6082.79
6114.96
6117.91
6117.91
6123.53
6117.68
6117.03
6122.32
6122.32
6115.13
6119.5
6125.3
6134.32
6127.7
6123.01
6123.01
6124.03
6114.55
6105.51
6107.74
6090.45
6095.79
6095.79
6071.27
6071.27
6073.6
6078.94
6085.97
6085.44
6084.51
6095.04
6100.66
6095.64
6100.97
6090.98
6090.89
6090.89
6090.89
6048.48
6039.84
6039.84
6041.8
6041.8
6049.99
6049.99
6040.01
6036.66
6043.44
6052.09
6052.09
6042.33
6035.62
6035.26
6035.26
6039.39
6030.68
6062.33
6076.26
6075.96
6066.85
6070.91
6064.42
6065.46
6065.29
6060.09
6060.09
6059.16
6062.44
6058.24
6047.46
6047.46
6028.88
6028.88
5981.71
5974.91
5968.38
5968.38
6004.08
6007.69
5995.99
5974.6
5963.7
5964.95
5973.65
5968.43
5960.67
5976.48
5969.14
5969.14
5968.47
5968.47
5970.97
5972.98
5971.19
5968.41
5922.89
5897.62
5868.08
5880.67
5880.33
5882.28
5894.88
5884.46
5879.84
5844.49
5843.73
5827.29
5834.46
5835.04
5835.04
5863.58
5904.71
5902.54
5908.85
5908.85
5921.18
5907.68
5884.67
5884.67
5868.82
5868.82
5844.5
5846.27
5869.92
5869.92
5876.83
5863.61
5880.95
5882.86
5893.37
5905.63
5919.48
5935.3
5940.89
5940.34
5938.7
5942.31
5955.85
5962.02
5962.02
5960.42
5955.59
5942.43
5942.43
5934.74
5939.67
5922.89
5924.93
5936.55
5942.2
5945.14
5944.09
5950.93
5954.55
5965.43
5936.72
5944.21
5924.6
5923.1
5922.66
5922.85
5929.65
5923.89
5927.49
5895.95
5875.46
5858.27
5858.27
5860.44
5876.56
5872.48
5871.7
5878.33
5863.95
5863.95
5868.33
5861.01
5837.19
5831.41
5831.41
5799.48
5799.48
5792.34
5792.34
5805.54
5836.41
5831.5
5831.44
5837.63
5853.31
5846.94
5845.33
5835.1
5828.74
5828.74
5847.63
5847.63
5884.84
5905.29
5910.23
5912.9
5901.64
5901.64
5899.4
5899.4
5889.86
5884.36
5884.36
5884.17
5884.17
5883.72
5900.06
5886.6
5885.98
5893.26
5893.59
5891.68
5896.03
5896.03
5940.07
5959.56
5973.3
5992.25
5992.67
6009.02
6001.31
5997.96
5993.4
5984.6
5991.85
5993.08
5989.33
5988.7
6039.27
6039.27
6029.55
6021.48
6021.48
6009.11
6006.31
6006.31
5999.42
5999.42
5993.44
6005.78
6005.78
5986.6
5986.6
5977.23
5981.24
5986.81
5986.8
5986.8
5984.12
5977.04
5991.03
5985.77
6003.65
5998.05
6006.6
6014.48
6004.73
6006.95
6006.95
6002.46
5984.97
5984.97
5972.27
5972.27
5970.2
5985.33
5975.23
5991.78
5991.78
5954.93
5931.11
5928.77
5931.7
5932.81
5932.81
5893.01
5898.17
5892.49
5900.84
5882.11
5894.26
5915.29
5931.82
5936.73
5941.04
5939.28
5935.07
5935.29
5935.29
5953.54
5930.95
5917.28
5913.9
5905.85
5911.2
5911.2
5914.45
5930.67
5930.67
5925.61
5925.61
5918.97
5925.76
5925.76
5931.59
5931.41
5931.41
5979.98
5988.05
5987.96
5988.85
5979.64
5977.61
5987.67
5987.88
5977.08
5971.08
5961.15
5968.3
5992.58
5992.58
5996.48
6008.33
6028.67
6028.67
6014.25
6029.61
6029.61
6008.42
6006.0
6006.0
5977.58
5980.52
5979.7
5980.29
5979.15
5979.15
5987.67
5992.78
5987.01
5987.01
6000.96
6008.28
6008.28
5997.86
5997.86
5991.34
6012.62
6012.62
6025.64
6039.94
6040.41
6035.79
6035.79
6039.68
6041.57
6038.54
6038.54
6034.15
6024.33
6008.62
6008.62
6024.39
6021.49
6019.83
6001.52
5993.8
5994.73
5995.33
5986.89
5982.08
5982.08
6001.76
6001.01
5999.36
5999.36
6000.2
6001.41
6001.41
6010.24
6001.04
5989.87
5991.3
5992.34
5991.04
5991.04
6001.12
6008.72
6012.29
6027.28
6023.75
6041.26
6048.3
6067.27
6071.22
6075.59
6075.11
6041.77
6055.41
6055.41
6002.55
6002.55
5973.22
5944.45
5957.86
5968.53
5970.02
5970.02
5959.01
5944.28
5949.1
5949.92
5925.71
5918.0
5918.0
5918.04
5918.04
5918.04
5939.97
5939.97
5950.08
5960.89
5944.09
5941.66
5938.43
5932.59
5936.31
5936.31
5924.09
5873.7
5869.0
5869.4
5870.89
5881.58
5881.92
5873.81
5873.09
5854.54
5844.37
5840.56
5840.56
5856.58
5861.55
5862.56
5862.56
5865.25
5854.38
5865.95
5863.73
5897.87
5915.25
5915.95
5909.6
5900.0
5905.9
5903.22
5906.03
5905.18
5901.93
5901.93
5923.99
5919.0
5919.0
5919.0
5912.89
5942.79
5942.79
5948.32
5938.13
5939.54
5937.05
5932.45
5933.9
5933.9
5925.55
5900.98
5881.85
5888.15
5888.14
5888.14
5853.65
5834.14
5844.09
5839.25
5839.25
5839.04
5839.04
5839.81
5818.45
5803.25
5785.79
5746.69
5746.69
5735.42
5758.23
5773.96
5771.47
5789.24
5784.57
5771.3
5765.46
5759.85
5774.11
5778.73
5786.72
5787.05
5744.69
5738.11
5737.26
5745.51
5744.85
5737.58
5737.58
5758.79
5758.79
5782.04
5795.04
5822.08
5827.11
5844.8
5844.8
5819.07
5819.07
5804.41
5804.41
5797.62
5810.68
5818.44
5817.94
5807.06
5803.6
5843.54
5843.54
5871.16
5881.1
5882.72
5890.94
5876.81
5885.51
5885.51
5885.51
5872.85
5876.96
5876.4
5876.4
5881.79
5881.79
5886.64
5875.8
5866.53
5868.12
5834.06
5834.06
5844.49
5844.49
5851.79
5843.03
5843.03
5848.75
5848.75
5854.95
5866.18
5866.18
5880.8
5877.82
5877.82
5905.23
5948.16
5945.21
5969.57
5955.18
5963.74
5967.47
5983.48
5984.31
5977.4
5956.72
5956.72
5956.54
5958.87
5939.58
5940.42
5948.39
5944.93
5941.41
5944.0
5931.82
5927.41
5918.61
5918.61
5911.98
5904.52
5904.52
5921.05
5921.05
5902.63
5886.7
5894.76
5924.39
5924.39
5924.39
5908.83
5878.98
5878.98
5900.18
5914.67
5914.67
5896.8
5907.57
5917.57
5928.19
5943.18
5951.04
5937.73
5947.73
5930.32
5935.52
5935.52
5922.33
5925.86
5925.86
5862.15
5862.15
5816.21
5823.56
5828.5
5828.5
5828.5
5837.61
5847.73
5859.6
5884.74
5733.04
5733.04
5696.04
5651.18
5657.17
5657.17
5696.78
5690.11
5673.87
5664.56
5648.74
5579.96
5579.96
5600.04
5600.04
5613.69
5679.64
5666.94
5666.94
5641.58
5651.94
5656.91
5662.16
5662.16
5699.15
5699.15
5710.49
5697.83
5678.82
5674.61
5660.32
5660.32
5664.92
5664.51
5661.29
5655.01
5666.36
5680.93
5670.37
5667.3
5658.67
5628.12
5610.73
5622.25
5655.23
5667.51
5667.51
5665.28
5656.72
5688.69
5688.91
5698.78
5698.29
5697.24
5710.35
5725.35
5750.1
5750.1
5757.18
5765.84
5765.84
5780.11
5780.11
5776.22
5776.24
5776.24
5771.58
5737.04
5734.46
5740.22
5738.61
5736.45
5727.95
5727.95
5716.74
5734.81
5748.33
5764.28
5764.28
5759.41
5758.96
5767.55
5765.86
5753.78
5738.89
5737.26
5731.71
5709.68
5709.68
5719.14
5722.15
5718.7
5718.04
5728.87
5731.85
5720.15
5694.21
5693.58
5680.38
5683.2
5677.42
5677.42
5674.82
5680.53
5672.85
5687.46
5694.35
5694.35
5689.91
5691.89
5695.15
5695.15
5699.42
5699.72
5687.24
5697.81
5715.5
5720.94
5722.53
5722.53
5709.09
5698.74
5711.02
5711.02
5706.25
5711.6
5714.73
5729.25
5729.25
5706.6
5706.6
5704.99
5703.2
5671.93
5663.47
5661.32
5656.41
5664.01
5667.92
5663.65
5669.18
5668.51
5668.51
5647.16
5645.68
5633.19
5626.63
5635.74
5644.93
5675.51
5675.51
5682.39
5678.96
5687.87
5683.92
5677.4
5672.07
5673.07
5663.84
5663.84
5656.33
5655.33
5646.89
5651.25
5672.35
5679.79
5673.23
5673.23
5666.21
5666.21
5668.23
5659.28
5659.28
5657.43
5659.97
5656.39
5673.35
5715.53
5713.54
5709.12
5709.12
5724.92
5718.62
5721.03
5719.73
5719.73
5741.08
5748.09
5737.95
5732.61
5726.4
5724.22
5724.22
5726.5
5722.81
5723.85
5722.62
5726.1
5726.38
5726.58
5726.58
5719.88
5719.24
5725.2
5725.32
5729.48
5732.65
5730.61
5730.61
5726.58
5722.51
5706.05
5694.12
5690.83
5690.83
5668.39
5671.92
5675.11
5674.89
5679.35
5679.85
5686.61
5694.04
5694.04
5690.72
5685.37
5667.62
5656.81
5656.81
5627.2
5627.2
5606.0
5604.67
5604.67
5605.6
5606.56
5614.13
5614.13
5575.37
5568.16
5564.09
5564.09
5561.23
5535.73
5540.01
5540.01
5522.66
5511.67
5504.18
5526.69
5526.69
5526.97
5525.75
5540.08
5545.03
5546.78
5537.29
5549.31
5549.31
5544.33
5547.47
5550.91
5556.06
5542.79
5550.56
5549.15
5549.15
5520.91
5520.91
5522.23
5523.47
5526.64
5526.64
5529.27
5536.88
5537.14
5535.99
5538.23
5538.23
5529.69
5529.69
5512.67
5512.67
5520.11
5518.69
5518.69
5498.14
5498.14
5479.34
5474.18
5460.73
5446.05
5450.84
5447.88
5430.46
5430.46
5432.58
5426.83
5434.71
5429.06
5429.76
5429.51
5429.51
5418.63
5418.03
5417.05
5403.76
5397.88
5403.69
5464.23
5464.23
5500.9
5500.9
5510.04
5496.93
5496.69
5492.77
5522.84
5531.14
5558.27
5558.27
5586.11
5586.11
5580.64
5539.79
5539.79
5535.82
5534.87
5538.54
5538.54
5542.36
5537.01
5519.56
5512.19
5514.83
5514.83
5507.82
5500.37
5502.68
5502.66
5519.74
5522.63
5529.18
5515.41
5508.36
5510.11
5512.48
5512.48
5523.08
5532.04
5534.49
5535.69
5535.69
5545.18
5545.18
5530.4
5534.8
5550.39
5550.39
5537.54
5556.91
5576.87
5576.87
5586.48
5592.9
5599.47
5598.84
5594.83
5585.63
5585.22
5586.6
5596.56
5613.35
5624.15
5624.15
5633.64
5640.32
5636.17
5638.11
5624.59
5629.82
5629.82
5625.17
5622.85
5641.78
5640.92
5640.92
5644.28
5649.68
5649.08
5649.08
5629.49
5626.98
5636.69
5632.9
5630.85
5630.9
5630.64
5604.88
5590.37
5573.96
5572.18
5572.18
5573.84
5581.21
5581.21
5557.97
5548.34
5533.76
5533.76
5522.98
5520.27
5520.88
5530.03
5570.65
5569.26
5564.78
5531.96
5531.96
5501.08
5485.24
5485.24
5497.25
5510.44
5511.12
5507.03
5515.25
5531.11
5529.19
5538.5
5536.24
5537.78
5529.73
5533.02
5539.63
5545.72
5557.44
5560.14
5582.17
5566.81
5558.75
5562.06
5562.06
5566.7
5566.7
5566.7
5568.99
5551.06
5551.06
5539.79
5535.7
5531.96
5515.07
5513.32
5492.33
5492.33
5497.89
5506.8
5500.41
5509.71
5509.71
5503.68
5501.43
5510.53
5512.09
5512.09
5516.46
5532.97
5532.97
5556.64
5566.53
5561.43
5561.43
5549.02
5544.87
5540.03
5550.01
5550.01
5562.13
5562.13
5539.94
5530.07
5526.02
5526.02
5525.09
5524.83
5534.37
5533.79
5544.28
5539.23
5540.14
5542.86
5542.86
5563.36
5563.36
5574.51
5567.87
5567.87
5562.63
5563.98
5567.03
5574.46
5563.99
5564.58
5562.13
5562.13
5566.44
5679.85
5566.01
5566.01
5566.01
5624.64
5632.67
5632.67
5673.8
5670.88
5670.88
5672.79
5675.13
5682.17
5677.62
5674.47
5663.07
5663.07
5676.93
5677.6
5671.12
5677.16
5678.64
5687.17
5694.98
5706.52
5710.29
5699.08
5699.08
5699.08
5684.09
5678.7
5678.7
5678.54
5675.37
5673.58
5673.58
5662.62
5662.89
5662.89
5679.24
5682.99
5682.99
5687.71
5683.52
5685.87
5708.19
5719.07
5719.07
5739.01
5746.48
5754.33
5751.35
5750.8
5747.95
5749.03
5742.86
5747.34
5738.76
5733.1
5739.13
5739.13
5731.86
5736.04
5747.22
5750.09
5746.26
5746.26
5748.84
5747.99
5750.49
5750.49
5764.27
5753.82
5753.82
5747.34
5745.22
5721.22
5721.22
5729.11
5734.08
5734.08
5732.59
5727.01
5730.83
5729.77
5726.61
5724.06
5728.61
5728.61
5744.42
5742.74
5739.08
5741.6
5748.13
5753.76
5753.76
5772.26
5772.26
5786.11
5784.07
5784.2
5780.1
5772.08
5772.08
5755.97
5765.29
5754.68
5754.68
5755.75
5752.84
5757.59
5757.17
5754.34
5759.89
5759.89
5772.72
5771.59
5780.34
5773.15
5769.16
5771.36
5756.92
5743.17
5735.9
5737.06
5726.51
5726.51
5729.65
5729.65
5726.08
5726.08
5731.16
5723.08
5726.85
5730.19
5733.75
5733.75
5744.71
5733.25
5736.19
5736.19
5733.87
5737.04
5737.04
5739.6
5739.6
5746.28
5746.25
5749.05
5747.39
5750.23
5755.83
5755.83
5755.02
5753.83
5758.05
5748.92
5748.67
5746.13
5746.13
5743.4
5744.15
5744.05
5744.38
5745.17
5745.17
5755.98
5759.89
5768.18
5774.01
5771.14
5771.69
5767.22
5767.22
5775.71
5771.4
5772.34
5765.19
5764.78
5764.93
5758.7
5758.7
5762.86
5768.09
5773.02
5783.87
5816.71
5833.29
5833.29
5855.78
5855.78
5861.36
5861.36
5861.67
5866.69
5870.79
5877.52
5877.52
5898.06
5939.31
5947.14
5945.76
5949.96
5956.67
5956.67
5935.84
5925.68
5925.68
5946.32
5956.75
5956.75
5976.71
5963.53
5955.04
5948.58
5931.36
5934.29
5938.2
5938.2
5936.64
5912.46
5912.88
5926.66
5928.79
5940.27
5948.19
5943.47
5947.28
5947.28
5949.08
5933.46
5934.55
5934.55
5935.34
5935.34
5928.78
5935.6
5936.38
5952.1
5950.72
5957.33
5960.36
5964.37
5958.0
5958.0
5965.77
5952.71
5952.71
5951.35
5947.44
5947.44
5955.54
5949.37
5949.37
5968.54
5959.41
5960.62
5949.5
5958.86
5947.6
5947.6
5954.63
5957.69
5958.64
5958.84
5970.08
5974.34
5974.34
5975.64
5970.25
5960.99
5966.41
5958.89
5960.5
5954.99
5920.07
5920.07
5892.16
5897.78
5905.71
5894.86
5883.07
5883.07
5866.48
5886.93
5886.93
5882.96
5888.94
5888.52
5898.36
5896.48
5901.61
5901.24
5918.34
5919.16
5911.8
5912.51
5906.73
5895.62
5888.52
5867.29
5875.98
5876.68
5886.05
5868.88
5882.99
5871.31
5852.56
5852.56
5845.75
5850.42
5850.42
5864.54
5854.8
5856.33
5850.25
5855.24
5842.19
5853.64
5870.89
5882.84
5882.84
5894.54
5897.73
5911.28
5910.11
5914.1
5907.16
5911.42
5906.23
5906.23
5920.8
5920.8
5920.39
5916.78
5916.78
5919.89
5919.89
5917.11
5917.11
5904.83
5904.83
5899.26
5899.26
5895.2
5894.57
5897.13
5897.13
5905.08
5920.27
5930.19
5959.88
5983.82
5978.32
5983.42
5988.32
5988.39
5972.24
5972.24
5977.69
5972.61
5963.23
5958.67
5956.62
5956.62
5954.17
5954.17
5946.48
5950.88
5950.18
5952.52
5957.41
5965.82
5959.0
5959.0
5956.31
5951.96
5942.66
5932.63
5932.63
5927.5
5928.23
5928.23
5931.09
5922.85
5926.73
5926.89
5931.73
5933.49
5933.86
5929.18
5928.7
5928.5
5925.17
5927.07
5930.26
5930.67
5920.9
5920.9
5902.19
5902.19
5893.42
5891.83
5891.83
5882.67
5878.55
5880.09
5879.47
5879.08
5879.08
5864.07
5864.07
5855.77
5848.89
5852.13
5843.51
5829.98
5832.46
5821.82
5836.21
5845.66
5844.32
5847.29
5849.88
5849.88
5853.44
5863.65
5863.65
5866.66
5873.45
5873.54
5862.21
5871.44
5873.08
5889.23
5896.15
5896.15
5896.11
5889.42
5893.99
5892.4
5895.62
5891.73
5883.54
5886.05
5886.05
5888.16
5888.16
5890.07
5897.59
5914.73
5923.02
5922.67
5925.19
5920.32
5922.57
5924.15
5924.15
5918.6
5911.83
5918.83
5916.85
5914.62
5910.09
5913.19
5913.35
5904.79
5896.63
5872.87
5872.87
5867.35
5867.35
5858.06
5858.06
5853.19
5857.01
5857.01
5854.92
5855.83
5853.02
5858.76
5857.72
5854.09
5861.0
5854.24
5856.09
5841.31
5843.4
5838.08
5838.08
5818.82
5807.57
5792.03
5792.03
5799.97
5803.71
5808.73
5804.66
5793.89
5782.4
5782.4
5765.86
5762.53
5758.22
5740.02
5735.1
5744.3
5751.25
5760.08
5775.53
5782.97
5783.23
5778.36
5778.36
5767.69
5767.69
5783.64
5792.27
5799.91
5795.12
5795.12
5789.37
5789.37
5781.94
5775.08
5765.29
5765.57
5765.57
5769.67
5773.5
5780.94
5786.59
5776.02
5776.61
5776.61
5798.46
5801.18
5807.54
5807.54
5805.67
5792.32
5791.2
5791.17
5785.0
5791.96
5792.6
5781.91
5779.45
5779.45
5789.84
5786.12
5786.12
5783.93
5783.93
5786.08
5761.36
5748.81
5738.03
5741.65
5745.71
5742.44
5741.54
5741.54
5728.82
5730.8
5731.13
5731.13
5742.73
5747.36
5746.57
5762.94
5762.94
5758.56
5766.65
5763.68
5763.68
5787.31
5789.33
5789.33
5786.91
5779.14
5771.68
5756.08
5756.08
5751.3
5751.3
5758.31
5760.93
5767.83
5765.58
5764.68
5768.86
5774.86
5782.36
5787.92
5787.92
5791.34
5788.29
5789.84
5791.81
5791.81
5787.93
5787.93
5778.06
5778.58
5780.45
5785.13
5784.8
5786.12
5787.25
5786.82
5786.82
5775.55
5779.45
5776.15
5783.6
5791.56
5784.15
5784.15
5772.36
5772.39
5771.09
5769.52
5777.32
5770.49
5774.68
5770.3
5770.3
5787.82
5809.62
5828.75
5842.9
5844.39
5844.39
5853.56
5850.93
5852.78
5852.78
5853.08
5849.31
5851.03
5859.59
5873.59
5876.72
5876.72
5866.88
5871.17
5858.69
5852.39
5850.18
5840.19
5838.44
5837.46
5843.33
5843.51
5843.51
5837.55
5827.57
5803.8
5803.8
5803.56
5803.56
5804.69
5804.69
5775.43
5775.43
5767.4
5767.4
5778.7
5779.65
5779.79
5766.3
5778.77
5768.76
5765.29
5765.29
5757.13
5758.4
5771.69
5771.69
5778.3
5772.47
5763.01
5762.16
5768.25
5768.38
5762.97
5767.78
5767.78
5769.99
5769.99
5771.98
5771.98
5777.01
5781.32
5781.32
5779.4
5804.01
5804.01
5806.47
5806.9
5802.73
5802.73
5794.75
5786.55
5793.42
5788.9
5788.9
5793.19
5800.66
5802.49
5808.26
5808.28
5806.59
5799.18
5797.48
5794.02
5794.02
5798.58
5804.11
5807.68
5807.69
5811.14
5806.55
5806.55
5806.55
5807.71
5802.52
5800.85
5794.2
5790.28
5786.18
5787.83
5786.92
5796.07
5796.07
5796.73
5795.57
5786.31
5791.38
5791.34
5787.42
5788.62
5792.68
5784.27
5786.26
5777.84
5774.79
5769.96
5772.1
5772.1
5782.01
5774.73
5777.98
5784.12
5784.12
5778.86
5773.62
5773.62
5761.96
5761.96
5734.93
5734.93
5722.73
5722.73
5726.57
5726.57
5721.44
5721.44
5721.44
5726.59
5714.58
5709.48
5694.18
5696.2
5689.19
5689.19
5701.96
5715.74
5724.73
5724.73
5730.75
5732.99
5726.81
5720.96
5717.91
5717.91
5728.91
5728.91
5724.73
5726.51
5736.49
5736.49
5736.23
5744.3
5756.83
5756.83
5770.17
5756.49
5750.35
5750.35
5741.19
5751.11
5751.11
5733.85
5731.25
5731.07
5728.57
5728.57
5724.25
5720.1
5715.94
5709.41
5709.41
5711.25
5711.25
5721.09
5727.39
5722.67
5725.9
5725.9
5726.62
5736.64
5735.68
5737.8
5730.6
5732.02
5731.1
5732.71
5737.32
5733.52
5732.79
5736.04
5733.68
5728.78
5733.53
5729.13
5736.95
5744.16
5744.04
5751.97
5743.69
5745.98
5744.59
5745.05
5762.8
5770.94
5761.96
5761.96
5752.84
5756.1
5750.1
5752.9
5757.35
5757.35
5756.45
5756.45
5769.01
5769.01
5773.69
5778.58
5769.17
5774.21
5780.07
5778.69
5789.79
5785.81
5791.78
5791.78
5788.22
5793.93
5793.93
5787.6
5787.6
5770.72
5756.55
5745.23
5749.21
5744.73
5750.23
5746.67
5752.48
5755.99
5756.91
5760.12
5757.42
5757.42
5739.19
5742.14
5742.37
5745.25
5745.25
5749.93
5749.15
5754.41
5754.41
5750.78
5769.47
5769.47
5755.78
5765.99
5770.92
5771.44
5772.9
5770.72
5759.63
5770.32
5763.75
5763.75
5762.49
5766.14
5766.42
5761.07
5750.54
5750.54
5753.09
5754.44
5748.02
5741.38
5741.22
5741.22
5741.84
5746.45
5749.83
5749.83
5733.75
5733.75
5750.48
5728.21
5728.21
5748.02
5745.36
5745.36
5751.67
5749.4
5739.8
5739.33
5734.16
5739.39
5731.29
5732.16
5732.16
5732.82
5735.42
5735.42
5727.09
5727.09
5737.98
5736.96
5724.58
5727.58
5737.56
5737.56
5738.73
5748.92
5755.34
5745.13
5739.08
5745.25
5748.17
5750.67
5740.23
5755.03
5750.58
5750.58
5762.21
5762.21
5779.66
5789.38
5785.6
5786.42
5791.08
5785.91
5790.31
5789.75
5790.62
5785.61
5781.22
5772.67
5772.67
5776.07
5769.6
5776.48
5776.48
5774.37
5779.5
5779.5
5785.96
5785.96
5781.13
5770.24
5782.77
5771.55
5778.54
5783.91
5783.91
5785.33
5785.16
5784.34
5791.22
5814.63
5832.57
5832.57
5832.57
5834.3
5834.3
5830.77
5831.0
5815.13
5815.8
5826.58
5813.1
5813.1
5831.0
5812.95
5819.35
5820.06
5820.06
5821.93
5820.96
5795.9
5795.9
5809.56
5803.21
5813.52
5816.05
5817.77
5812.2
5800.88
5800.88
5801.49
5792.71
5792.73
5782.4
5800.09
5800.09
5784.18
5791.61
5786.86
5794.66
5794.66
5782.46
5777.4
5783.43
5794.7
5777.4
5771.48
5795.81
5761.98
5788.75
5788.75
5826.76
5839.17
5859.39
5819.04
5832.93
5832.93
5830.05
5785.08
5785.08
5795.22
5804.93
5818.94
5819.0
5792.51
5802.8
5821.53
5817.92
5817.92
5826.16
5822.55
5798.85
5794.7
5794.7
5792.38
5795.14
5795.14
5785.96
5785.96
5798.21
5778.28
5778.28
5792.14
5789.31
5789.31
5798.09
5811.06
5811.06
5817.33
5791.21
5807.02
5788.85
5788.85
5823.36
5802.85
5802.85
5794.38
5832.72
5830.93
5830.93
5841.08
5841.89
5843.67
5838.53
5877.57
5922.12
5969.82
5993.2
5987.45
5989.52
5989.52
5954.24
5954.24
5954.24
5974.19
5962.64
5973.91
5992.66
5978.33
5959.22
5963.04
5955.68
5957.99
5968.34
5949.77
5964.71
5964.71
5981.33
5971.05
5970.08
5969.76
5954.17
5951.9
5943.72
5948.58
5957.59
5973.94
5970.17
5970.17
5971.22
5958.23
5965.96
5968.61
5968.61
5959.51
5965.74
5962.53
5961.3
5985.08
6007.58
6007.58
6007.58
6057.29
6057.29
6067.24
6067.24
6120.26
6129.72
6182.59
6198.11
6234.85
6255.71
6216.92
6208.35
6187.7
6185.3
6187.56
6192.69
6178.74
6172.09
6141.64
6147.31
6160.98
6160.98
6154.51
6205.93
6195.06
6174.24
6174.95
6184.0
6184.0
6172.72
6157.1
6152.42
6137.73
6135.37
6141.44
6145.99
6145.99
6178.97
6165.88
6165.88
6166.17
6180.34
6188.29
6178.33
6173.14
6182.77
6197.49
6207.28
6207.12
6200.25
6200.25
6153.85
6114.85
6114.85
6130.32
6140.22
6134.66
6126.93
6134.02
6141.66
6156.92
6153.98
6140.42
6128.44
6128.44
6114.34
6114.24
6117.5
6117.5
6114.2
6092.33
6092.33
6120.41
6124.69
6129.01
6129.01
6140.79
6137.56
6134.69
6133.4
6117.86
6110.08
6111.95
6101.71
6117.28
6117.23
6119.32
6104.65
6107.62
6111.79
6111.79
6096.5
6101.55
6125.08
6125.08
6159.65
6147.98
6136.94
6131.2
6131.2
6151.5
6162.86
6157.43
6157.43
6157.56
6157.56
6148.22
6143.45
6136.39
6136.39
6136.9
6136.9
6156.27
6146.12
6146.12
6138.15
6141.46
6151.21
6144.65
6144.65
6130.54
6120.58
6110.75
6124.55
6124.55
6124.55
6136.87
6128.88
6142.04
6128.29
6129.27
6129.95
6133.93
6125.72
6129.65
6123.48
6116.63
6113.71
6113.71
6101.04
6101.04
6112.58
6136.92
6148.46
6152.82
6141.34
6135.02
6145.49
6140.7
6122.67
6128.58
6128.58
6128.58
6128.32
6119.2
6124.03
6112.37
6134.74
6135.77
6144.86
6142.4
6149.84
6142.35
6142.33
6142.33
6142.33
6147.42
6158.67
6158.43
6133.97
6153.76
6168.06
6159.32
6173.96
6162.35
6169.04
6172.73
6189.2
6207.98
6207.98
6193.13
6196.29
6192.6
6203.31
6214.99
6206.21
6197.01
6197.01
6194.77
6187.09
6162.82
6164.81
6165.55
6165.55
6167.12
6169.58
6155.05
6155.05
6144.5
6144.5
6138.51
6120.76
6130.44
6119.41
6124.8
6126.86
6135.56
6142.45
6142.41
6137.23
6147.56
6153.56
6153.56
6154.7
6153.54
6149.69
6158.85
6144.38
6148.14
6148.14
6148.14
6145.59
6109.15
6091.92
6091.49
6096.85
6066.26
6066.26
6061.98
6061.98
6057.5
6040.85
6045.43
6050.99
6065.38
6069.36
6070.11
6067.76
6065.55
6065.55
6072.53
6072.53
6086.8
6075.07
6075.07
6066.1
6070.24
6070.24
6071.53
6071.53
6063.12
6065.7
6066.17
6068.55
6071.23
6071.23
6077.72
6066.25
6070.76
6071.73
6074.01
6074.01
6069.93
6075.94
6083.26
6083.26
6110.37
6110.37
6121.19
6122.54
6122.54
6119.91
6117.0
6114.95
6113.55
6118.75
6118.03
6110.49
6109.54
6106.13
6088.4
6082.85
6087.13
6087.13
6100.61
6103.72
6102.19
6109.13
6095.94
6086.88
6086.67
6085.39
6085.39
6092.6
6092.79
6096.92
6100.6
6100.6
6106.5
6106.5
6100.98
6100.98
6107.93
6109.15
6114.66
6115.52
6115.52
6109.72
6112.72
6111.17
6111.17
6107.53
6096.99
6096.9
6099.25
6096.73
6096.73
6107.51
6108.04
6107.01
6107.7
6105.04
6106.41
6106.96
6110.92
6101.57
6107.75
6107.75
6103.73
6108.8
6108.8
6107.73
6118.32
6124.2
6124.2
6142.99
6142.99
6130.53
6134.65
6132.02
6140.27
6139.29
6134.06
6137.32
6135.88
6146.87
6153.17
6148.07
6150.48
6141.7
6137.73
6135.42
6135.42
6136.46
6137.96
6148.03
6146.0
6146.0
6151.62
6144.72
6146.35
6146.35
6139.32
6141.68
6145.42
6142.2
6142.09
6138.48
6136.68
6134.96
6134.96
6131.52
6130.63
6134.13
6132.05
6139.33
6134.94
6136.09
6133.67
6133.83
6133.83
6137.88
6135.58
6135.58
6138.42
6133.18
6133.18
6139.68
6139.68
6145.34
6153.07
6149.27
6148.98
6150.66
6150.54
6147.77
6151.2
6146.63
6157.82
6160.33
6160.43
6164.28
6165.48
6165.48
6167.46
6160.97
6158.53
6161.61
6161.61
6166.66
6163.64
6160.4
6158.16
6152.65
6151.45
6151.45
6153.89
6156.53
6150.58
6148.07
6133.44
6128.07
6123.38
6129.93
6124.04
6124.04
6118.07
6119.38
6119.38
6105.89
6108.86
6104.6
6109.61
6103.33
6117.4
6117.4
6107.06
6113.06
6122.26
6122.26
6125.92
6131.48
6137.38
6138.82
6138.64
6139.86
6138.81
6138.88
6137.24
6137.24
6139.45
6141.49
6137.11
6145.93
6145.93
6166.46
6165.27
6165.27
6175.86
6169.66
6173.61
6159.94
6168.42
6177.04
6170.36
6165.78
6168.19
6173.88
6173.88
6177.53
6185.15
6192.65
6201.9
6201.9
6219.82
6222.84
6218.88
6210.91
6206.94
6206.94
6223.41
6230.55
6230.91
6230.91
6227.96
6226.63
6226.82
6226.82
6216.93
6215.7
6207.64
6207.64
6208.01
6208.01
6220.39
6224.81
6222.35
6221.75
6222.45
6222.45
6247.36
6276.49
6288.56
6308.92
6330.87
6339.96
6327.13
6327.13
6336.28
6336.28
6340.54
6340.54
6404.0
6397.1
6393.0
6400.47
6398.59
6379.35
6350.21
6360.68
6360.68
6382.41
6382.41
6378.45
6378.45
6372.71
6373.14
6377.44
6374.03
6383.85
6383.85
6381.44
6378.5
6378.5
6393.34
6393.34
6387.27
6377.33
6375.53
6375.53
6378.19
6357.48
6354.41
6360.12
6355.03
6355.03
6346.04
6344.49
6355.62
6355.62
6362.47
6367.9
6369.17
6367.29
6364.49
6361.82
6361.82
6351.03
6353.24
6353.24
6365.68
6370.02
6362.99
6362.99
6350.2
6345.26
6351.67
6328.0
6328.0
6335.88
6338.99
6346.21
6346.21
6342.82
6341.35
6342.1
6351.76
6358.23
6361.09
6364.0
6362.83
6373.11
6373.11
6381.6
6377.3
6377.3
6377.81
6384.58
6386.28
6386.28
6386.28
6387.94
6386.75
6392.89
6396.73
6386.73
6386.33
6386.33
6381.51
6396.41
6396.41
6413.99
6417.47
6417.47
6413.64
6413.64
6418.81
6418.81
6408.0
6411.07
6411.65
6412.13
6398.53
6400.3
6399.23
6410.75
6402.32
6431.68
6438.04
6450.33
6449.74
6455.64
6455.64
6470.43
6468.4
6440.97
6445.54
6440.02
6440.02
6415.82
6425.79
6426.64
6426.64
6423.67
6423.67
6411.01
6409.59
6409.59
6411.8
6416.93
6416.93
6410.71
6422.06
6428.53
6423.55
6423.55
6427.17
6423.43
6427.27
6426.78
6426.78
6422.46
6424.26
6418.86
6418.86
6425.85
6439.91
6439.91
6446.06
6440.37
6441.99
6436.65
6454.59
6452.11
6455.67
6455.67
6458.07
6458.07
6460.05
6453.31
6453.31
6452.92
6441.54
6437.38
6437.38
6427.85
6427.85
6423.77
6411.75
6413.38
6413.38
6399.29
6393.61
6377.88
6395.3
6384.91
6384.91
6387.04
6399.97
6407.87
6414.47
6410.47
6420.79
6419.31
6424.68
6427.96
6429.8
6422.91
6421.15
6428.81
6426.05
6416.29
6416.29
6411.84
6419.65
6426.94
6420.79
6420.79
6414.77
6424.84
6424.84
6424.84
6400.81
6416.13
6418.8
6407.66
6417.1
6408.93
6414.25
6430.36
6408.23
6420.05
6430.92
6436.85
6436.85
6462.62
6462.62
6457.44
6459.52
6459.52
6464.49
6444.84
6456.71
6456.71
6468.03
6495.03
6495.03
6504.89
6515.88
6532.6
6532.6
6527.1
6541.67
6561.81
6558.8
6552.71
6539.89
6535.92
6546.51
6546.51
6569.7
6574.51
6586.51
6601.28
6613.57
6634.81
6611.67
6599.11
6594.54
6594.54
6581.13
6582.11
6582.11
6599.29
6599.29
6615.17
6615.17
6610.15
6590.06
6595.97
6577.12
6561.22
6554.22
6533.25
6520.9
6530.35
6554.68
6534.88
6534.88
6524.45
6537.36
6537.36
6546.78
6546.78
6551.82
6543.74
6543.74
6542.86
6517.37
6527.73
6527.73
6526.67
6527.28
6539.59
6540.53
6560.02
6571.02
6567.7
6574.26
6563.29
6562.2
6559.4
6560.51
6560.8
6569.27
6582.01
6577.97
6580.3
6574.66
6569.47
6569.2
6572.97
6576.11
6576.11
6579.24
6583.09
6594.54
6598.03
6618.26
6617.82
6617.82
6625.11
6623.09
6645.4
6631.19
6631.19
6610.02
6608.23
6609.39
6606.34
6615.48
6617.8
6625.71
6631.66
6631.66
6615.95
6615.95
6611.44
6627.72
6622.14
6619.3
6630.14
6627.06
6626.35
6626.35
6621.42
6624.51
6618.64
6608.52
6612.68
6612.88
6606.41
6611.04
6607.54
6623.52
6622.2
6608.21
6608.12
6610.45
6612.34
6614.83
6609.49
6609.49
6607.46
6607.46
6627.63
6593.91
6575.52
6574.68
6574.68
6584.55
6586.79
6586.79
6577.09
6581.62
6591.72
6595.2
6588.64
6601.53
6601.53
6608.48
6603.53
6603.53
6604.87
6610.64
6611.7
6611.7
6615.46
6615.46
6609.95
6615.44
6621.32
6630.03
6632.45
6641.44
6638.94
6638.94
6693.11
6697.02
6678.01
6678.01
6696.31
6689.63
6688.73
6695.69
6695.69
6712.39
6708.79
6730.29
6743.51
6757.2
6757.2
6767.31
6777.77
6758.72
6758.72
6808.14
6789.16
6788.02
6788.02
6800.6
6796.89
6796.89
6853.97
6878.36
6850.37
6850.37
6850.37
6873.52
6923.84
6923.84
6935.68
6935.68
6927.57
6858.67
6883.19
6883.19
6852.64
6852.64
6807.98
6833.62
6877.22
6877.22
6848.89
6871.28
6871.28
6891.4
6867.43
6861.77
6863.44
6861.58
6861.58
6852.92
6850.77
6861.29
6861.29
6887.94
6918.57
6914.86
6915.12
6915.12
6895.72
6892.52
6877.89
6879.57
6879.57
6869.89
6884.2
6884.2
6891.14
6916.23
6892.42
6894.34
6900.38
6904.19
6904.74
6904.51
6913.03
6921.72
6926.59
6921.64
6923.37
6923.37
6905.09
6897.58
6906.26
6921.27
6924.74
6939.74
6941.97
6947.08
6947.08
6973.98
6992.82
6988.34
6993.23
6996.98
7026.47
7026.47
6958.61
6989.64
6983.1
6985.07
6993.68
6982.33
6974.14
6978.13
6974.92
6985.33
6990.35
6990.35
6989.55
6996.11
6987.18
6987.18
6992.08
7004.21
7015.54
7027.94
7034.49
7042.47
7049.76
7042.88
7040.57
7032.97
7044.24
7044.24
7023.68
7023.23
7041.06
7046.78
7048.98
7053.49
7054.67
7080.98
7080.98
7132.03
7123.97
7109.72
7140.17
7187.46
7176.82
7196.72
7196.72
7280.06
7329.16
7367.33
7341.84
7341.84
7152.36
7043.63
6898.25
6911.87
7013.55
6959.71
6987.06
7000.54
6962.66
6953.85
6864.97
6864.97
6920.76
6976.23
7001.65
7030.63
7070.16
7070.16
7036.47
7036.47
7025.65
7025.65
7101.4
7129.91
7145.52
7145.52
7175.85
7165.17
7165.17
7194.55
7169.49
7169.49
7167.04
7110.24
7113.37
7161.18
7151.01
7151.01
7129.07
7118.35
7108.27
7064.69
7046.25
7080.72
7106.26
7107.83
7107.83
7106.17
7081.97
7096.62
7134.9
7129.86
7125.6
7128.42
7128.42
7132.27
7135.81
7120.46
7117.1
7100.34
7104.48
7104.48
7094.79
7094.79
7054.72
7029.76
7029.76
6989.27
6968.52
6983.88
7003.16
7012.28
7013.86
7007.98
7016.17
7023.33
7056.61
7056.59
7057.13
7035.83
7022.95
7009.94
7009.94
6988.16
6988.16
6937.29
6925.33
6944.09
6951.22
6953.26
6949.22
6941.49
6974.87
6972.42
6974.18
6974.7
6958.4
6953.56
6953.56
6976.55
7009.28
7018.29
7031.75
7017.22
7017.22
7023.34
7069.06
7120.22
7120.22
7123.61
7132.14
7139.33
7139.33
7139.29
7099.02
7099.02
7094.66
7099.88
7098.03
7112.0
7115.24
7115.24
7108.2
7108.2
7118.72
7115.29
7128.59
7137.87
7129.43
7129.43
7114.75
7114.75
7115.79
7122.43
7122.43
7117.56
7117.56
7102.91
7083.54
7073.34
7078.72
7078.72
7088.1
7100.67
7104.95
7114.05
7114.05
7118.47
7085.77
7085.74
7078.5
7087.53
7086.38
7086.38
7059.31
7036.25
7036.25
7043.62
7043.62
7069.28
7069.28
7048.92
7048.92
7002.94
7002.94
7011.12
7008.81
7025.15
7034.27
7034.27
7040.82
7027.41
7045.17
7045.17
7032.76
7042.09
7058.62
7065.39
7072.56
7071.23
7077.33
7073.3
7073.3
7070.72
7070.01
7076.83
7081.08
7090.97
7090.97
7145.32
7173.36
7173.36
7188.57
7217.68
7246.35
7225.92
7225.92
7236.62
7228.09
7228.09
7236.06
7242.38
7265.99
7278.12
7278.12
7256.23
7252.34
7228.64
7238.58
7238.58
7248.99
7238.98
7203.58
7195.32
7194.38
7194.38
7196.48
7180.14
7191.77
7208.76
7220.28
7252.52
7249.25
7257.01
7254.55
7254.55
7254.55
7268.79
7266.59
7277.0
7293.5
7262.07
7261.72
7261.72
7245.68
7245.68
7239.99
7259.96
7257.15
7263.86
7272.13
7272.13
7310.78
7342.55
7342.55
7331.91
7336.42
7341.64
7341.64
7313.13
7305.47
7319.87
7323.65
7349.73
7374.27
7409.74
7395.26
7403.88
7413.23
7413.23
7431.02
7443.78
7414.31
7400.47
7378.48
7366.33
7370.84
7401.79
7401.79
7408.09
7395.79
7395.79
7413.58
7427.66
7429.75
7422.88
7433.67
7437.49
7461.29
7450.67
7446.42
7446.42
7429.24
7414.08
7354.63
7363.24
7382.28
7346.57
7346.57
7353.51
7320.71
7320.15
7306.19
7303.7
7316.52
7335.74
7341.67
7337.8
7311.03
7305.26
7302.68
7309.11
7309.11
7327.3
7338.96
7335.46
7336.9
7330.19
7317.25
7284.59
7284.59
7246.89
7241.34
7242.21
7244.9
7256.61
7264.49
7267.87
7256.44
7220.58
7220.58
7237.3
7262.09
7279.69
7287.81
7294.52
7314.57
7315.02
7300.78
7302.49
7302.49
7306.84
7305.89
7305.89
7303.09
7300.04
7317.29
7339.92
7339.92
7347.4
7358.17
7358.17
7353.65
7353.67
7324.52
7321.57
7321.57
7334.93
7338.91
7338.91
7337.78
7336.52
7337.15
7321.73
7310.21
7303.1
7295.98
7295.98
7295.24
7295.24
7291.63
7297.12
7298.37
7304.66
7298.13
7302.69
7298.88
7300.34
7315.17
7321.47
7334.22
7337.03
7337.03
7330.12
7336.4
7336.4
7330.02
7335.13
7333.54
7336.59
7328.68
7318.95
7312.14
7309.22
7309.22
7301.7
7286.7
7286.76
7287.91
7296.88
7287.95
7297.94
7301.4
7303.55
7305.96
7305.96
7300.63
7300.63
7255.46
7261.95
7259.93
7257.97
7245.83
7220.89
7198.5
7175.79
7197.26
7207.81
7193.4
7173.16
7178.03
7178.03
7175.45
7140.27
7139.98
7162.83
7162.83
7162.83
7189.03
7189.03
7220.27
7239.45
7229.46
7229.46
7218.38
7226.28
7216.16
7201.27
7213.68
7204.6
7204.6
7198.0
7198.0
7214.36
7223.96
7227.07
7231.2
7215.08
7207.76
7164.48
7163.27
7146.38
7127.24
7089.73
7093.44
7096.37
7116.93
7113.32
7110.17
7114.46
7129.58
7135.87
7135.87
7089.26
7079.71
