439.27
551.59
405.92
253.13
220.3
241.87
322.6
343.43
301.17
274.48
326.26
316
295.15
300.03
297.36
299.68
445.19
689.83
738.54
719.27
605.22
684.6
674.08
619.83
632.48
621.43
616.29
591.11
544.74
580.34
592.59
628.73
572.65
609.85
519.3
546.74
647.64
667.56
605.66
586.24
556.9
556.02
536.96
506.49
386.49
428.88
443.21
439.07
486.03
530.6
477.25
416.13
409.63
430.31
421.19
450.85
449.56
464.14
458.15
440.55
435.95
418.05
419.68
401.41
355.75
354.4
363.22
359.81
343.52
312.43
317.19
314.21
310.56
320.11
321.67
314.1
313.94
367.84
338.72
329.66
326.03
322.12
325.88
312.05
326.98
