0.04951
0.08584
0.0808
0.07474
0.07921
0.0505
0.06262
0.05454
0.0505
0.056
0.06
0.0589
0.0699
0.0627
0.06785
0.0611
0.06
0.06
0.057
0.061
0.0623
0.059
0.0609
0.071
0.07
0.067
0.07
0.0645
0.067
0.06529
0.0655
0.07
0.068
0.0667
0.0655
0.0664
0.066
0.06491
0.065
0.0648
0.064
0.065
0.0641
0.064
0.06497
0.06
0.0629
0.0634
0.06085
0.06238
0.0616
0.0616
0.061
0.062
0.06111
0.0618
0.06366
0.0615
0.06219
0.06199
0.0604
0.0619
0.059
0.061
0.0627
0.0621
0.06265
0.0622
0.06231
0.0622
0.06202
0.062
0.0622
0.0619
0.06191
0.0619
0.06197
0.0614
0.06111
0.0613
0.0614
0.06281
0.067
0.08685
0.0938
0.0965
0.095
0.0949
0.105
0.102
0.105
0.101
0.102
0.1024
0.097
0.099
0.107
0.1025
0.1055
0.115
0.132
0.1503
0.1877
0.1731
0.19
0.1989
0.1925
0.1955
0.1938
0.1931
0.23
0.26
0.39
0.34
0.243
0.21
0.24
0.2231
0.2682
0.276
0.279
0.2682
0.223
0.2299
0.2678
0.28
0.283
0.2767
0.2879
0.2829
0.283
0.28
0.2844
0.283
0.27
0.2299
0.2082
0.2275
0.255
0.251
0.205
0.19
0.204
0.233
0.2388
0.2
0.204
0.228
0.22
0.2299
0.2467
0.238
0.25
0.24
0.241
0.2401
0.267
0.24
0.25
0.25
0.248
0.2499
0.265
0.265
0.281
0.3
0.3
0.3
0.3
0.3
0.295
0.2989
0.299
0.298
0.32
0.3229
0.323
0.3266
0.3266
0.3188
0.3176
0.4
0.386
0.3868
0.3495
0.313
0.313
0.39
0.4199
0.4443
0.4424
0.4199
0.41
0.417
0.4212
0.446
0.439
0.4799
0.52
0.7
0.716
0.69
0.811
0.92
0.8997
0.89
0.918
1.09
0.9803
1.07
1.08
1.05
1.07
1.05
1.05
1.04
0.8989
0.949
0.85
0.8345
0.8702
0.9
0.9974
0.9111
0.958
0.89
0.86
0.9202
0.9399
0.9391
0.901
0.9103
0.8999
0.885
0.87
0.8645
0.9329
0.88
0.918
0.8925
0.8949
0.87
0.86
0.8254
0.8165
0.765
0.7411
0.759
0.809
0.8497
0.8669
0.8838
0.8552
0.82
0.799
0.7925
0.7897
0.7846
0.7741
0.782
0.779
0.68
0.71
0.74
0.7538
0.75
0.73
0.7369
0.77
0.86
0.9225
1
0.9899
1.05
1.11
1.16
1.2
1.14
1.21
1.41
1.7
1.63
1.56
1.79
1.9
2.21
2.88
3.5
3.03
3.2
3.41
3.41
3.33
3.45
3.64
3.87
3.8
5.81
5.5
6.3
8.2
7.2
6.99
8.03
7.19
6.88
6.81
5.59
6.12
6.69
7.15
7.42
8.4
8.8
8.5
8.3
8.43
8.8
8.74
9.57
10.6
14.29
18.89
16.7
18.55
23.92
29.6
28.92
23.95
14.65
18.55
19.84
19.28
19.49
17
15.68
16.89
17.51
17.51
17.51
17.51
17.51
17.51
17.51
16.45
16.75
16.95
16.85
16.1
15.4
15.4
15.44
13.86
12.91
14.78
14.78
14.31
14.38
14.9
14.21
14.01
13.95
13.99
13.81
13.72
13.16
13.48
13.85
13.69
13.61
13.7
13.68
13.98
14.05
13.88
13.94
13.49
13.5
13.53
13.35
13.09
12.05
9.26
10.75
9.8
6.55
7.9
7.8
9.99
9.98
9.46
9.46
10.13
10.8
11.15
10.96
10.95
10.83
11.65
11.45
11.31
10.9
10.94
10.85
9.66
8.18
8.59
9.07
8.97
8.79
8.2
8.21
8.64
8.48
8.18
7.61
6.86
7.19
6.53
5.03
4.77
5.86
6.08
5.8
5.62
4.84
4.82
4.77
5.2
5.46
6.11
5.61
5.43
5.55
5.47
5.33
4.87
4.92
4.77
4.78
5.14
5.03
5.03
5.02
4.96
4.87
4.73
4.27
4.01
4.1
4.1
3.93
4.15
4.05
3.99
3.84
3.56
2.56
2.42
2.27
2.35
2.57
3.16
3.17
2.55
2.77
2.77
3.04
3.19
3.58
3.27
3.25
3.15
3.25
3.15
3.11
2.97
2.96
3.01
3.04
2.95
2.84
3.08
3.03
3
2.22
2.33
2.56
2.25
2.05
2.2
2.2
2.29
2.33
2.33
2.43
2.51
2.47
2.48
2.55
2.75
2.97
3.06
3.12
2.79
2.83
2.88
3.03
2.99
2.98
2.97
3.05
3.25
3.14
3.25
3.15
3.2
3.2
3.2
3.19
3.52
3.95
3.89
3.89
3.95
3.94
4.22
4.02
4.07
4.19
4.17
4.25
4.72
5.27
5.22
4.88
5.57
6.95
6.7
6.81
7.11
6.33
6.36
6.9
6.8
6.41
6.75
7
6.68
5.6
5.92
6.36
6.49
6.18
6.31
6.36
6.29
5.75
5.34
5.29
5.63
5.38
5.49
5.48
6.08
6.1
5.96
5.87
5.69
5.45
5.69
5.6
5.83
5.91
5.6
5.51
5.26
4.46
4.33
4.27
4.41
4.22
4.39
4.36
4.27
4.42
5.01
5.03
4.77
4.92
4.96
4.87
4.86
4.92
4.7
4.61
4.82
4.98
4.99
4.94
4.93
4.86
4.83
4.91
4.89
5.27
5.38
5.33
5.34
5.22
5.28
4.69
4.84
4.81
4.7
4.69
4.68
4.55
4.62
4.81
4.79
4.81
4.86
4.91
4.83
4.97
4.95
4.91
4.92
4.95
4.69
4.79
4.87
4.84
4.93
4.92
4.94
4.96
4.97
4.93
4.98
5.12
5.14
5.35
5.26
5.2
4.96
5.1
5.13
5.1
5.11
4.98
4.9
4.95
5
5.07
5.13
5.07
5.08
5.05
5.06
5.05
5.04
4.85
4.96
4.95
4.93
5.01
5.04
5.09
5.1
5.12
5.1
5.09
5.1
5.1
5.14
5.12
5.15
5.1
5.14
5.14
5.15
5.14
5.18
5.27
5.25
5.21
5.27
5.44
5.46
5.59
5.63
5.56
5.47
5.57
5.7
5.93
5.95
6.5
6.4
6.16
6.31
6.5
6.67
6.68
6.55
6.43
6.35
6.3
6.42
6.65
6.61
6.65
6.69
6.63
6.76
6.45
6.51
6.67
6.65
6.76
6.8
7.02
7.2
7.15
7.76
7.67
7.54
7.62
8.5
8.8
9.11
8.87
8.52
8.85
8.41
8.45
8.6
8.8
8.9
8.9
8.89
8.71
9.1
9.35
9.55
10.53
10.97
10.98
10.87
10.86
11.1
11.06
11.06
11.39
11.51
11.62
12.04
12.19
13.25
13.5
11.58
11.61
8
10.1
9.92
9.81
10.1
10.6
10.52
10.61
10.95
10.94
10.92
10.78
10.16
9.97
10.2
10.53
10.38
11
11.18
11
11.04
11.02
11.17
11.33
11.36
11.4
11.67
11.75
11.87
11.89
12.25
12.57
12.28
12.37
12.24
12.19
12.1
12.2
12.27
12.31
12.39
12.36
12.4
12.4
12.84
12.89
12.85
12.69
12.51
11.8
11.78
11.9
12.12
12.03
12
11.86
11.74
11.84
11.85
11.81
11.94
11.74
11.74
11.63
11.71
11.65
11.65
10.86
10.17
10.26
10.7
10.6
10.89
11.2
10.57
10.47
10.64
10.8
10.75
10.9
10.92
10.93
10.82
10.89
10.87
11.01
10.95
10.95
11.2
11.75
11.79
11.65
11.8
11.73
11.77
12.42
12.35
12.41
12.48
12.25
12.2
12.35
12.45
12.57
12.56
12.5
12.68
13.41
13.38
13.3
13.5
13.42
13.39
13.43
13.56
13.7
13.7
13.6
13.49
13.3
13.25
13.3
13.6
13.52
13.5
13.37
13.31
13.38
13.35
13.47
13.42
13.42
13.4
13.45
13.51
13.3
13.28
13.4
13.5
13.44
13.45
13.59
13.74
13.77
14.14
14.14
14.24
14.12
14.3
14.25
14.73
15.5
15.7
15.62
15.7
16.8
17.26
17.5
16.9
17.4
17.88
17.82
18.72
19.53
19.7
20.41
20.5
19.63
20.59
20.43
20.6
21.18
22.15
22.66
23.65
23.97
24.65
25.17
24.2
27.22
27.1
27.22
26.81
26.95
29.42
29.65
29.75
30.25
29.8
29.89
30.4
31.1
30.9
33.38
34.5
34.25
34.5
36.15
40.33
41.02
42
44.18
46.85
46
48.4
44.29
46.92
47.17
46.95
47
47.4
51.6
59.14
64.49
70.85
69.87
64.35
71.5
73.6
78.5
88.92
86.18
90.5
92.19
93.03
104
117.98
135
132.12
142.32
142.63
162.3
187.5
230
165
124.9
117
93
90
82.39
68.36
93.07
109.01
118.48
126.62
119.2
127.4
143.48
154.2
141.71
136.9
128
134.44
144
139.23
116.38
106.25
98.1
112.9
115.98
112.25
109.6
113.2
112.8
117.7
115.64
114.82
117.98
111.4
114.22
118.21
123.5
123.21
122.5
122.02
122.89
123.8
126.3
133.1
131.99
133.5
129.77
129
132.25
128.8
128.82
129.3
122.5
120.74
121.4
121.9
118.97
111
107.89
100.44
106.35
109
108.78
103.95
100
99.8
99.9
101.95
107.35
108.25
111.29
109.5
108.2
107.9
102.09
103.33
104
101.74
94.66
95
97.51
88.05
90.41
78.89
80.04
68.5
69.66
76.5
76
76.7
88
88.98
93.99
98.32
94.42
98.89
97.1
98.5
90.07
92
89.82
92
91.6
95.56
95.09
96.95
96.02
94.4
98.78
101.48
107.96
106.21
104
104.5
104.95
105.12
106.72
106.56
105.99
103.05
102.8
103
105
106.81
109.6
112.56
109.99
108.99
112.75
113.38
118.5
121.2
123.3
122
118.51
119.6
122.11
120.07
131.29
128.76
129.3
138.03
141
146.01
144
144
132.51
130.2
121.9
128.99
126.32
133.1
132.62
142.1
139.35
140.66
136.71
138.3
139.42
139.15
140.41
135.05
133.81
134.38
134
133.4
134.78
135
137.1
138.93
142.5
143.88
141.9
140.3
123
130.99
136.82
136.7
137.8
135.8
136.49
139.5
140.41
140.1
142.89
147.53
151.37
158.09
152.82
157.59
168.28
183.15
186.1
192.78
202.99
227.97
206.98
197.88
188.56
206.91
206.9
216
208
211.17
213.43
211.69
224
238.16
251.3
264.1
309.65
355
367.79
336.32
362.98
380.04
434.85
433.4
433.92
461.96
528.3
785.43
645.69
637.97
764.91
802
832.5
795.01
829.99
969.96
1079.89
1101.38
1206.93
1205.66
1004.39
1096.56
1154.86
1237.55
1106.35
845.02
697.02
803.96
918.95
1033.72
919.93
899.98
936.77
908.94
919.88
759.92
714.97
540.98
731.95
649.96
640.48
639.49
713.24
702.75
707.25
801.98
803.05
761.99
784.96
804.83
805.94
815.94
856.91
884.26
924.69
1014.74
1012.65
879.9
938.84
936.95
957.76
1005.32
939.79
922.91
919.28
941.22
913.49
894.16
905.72
954.8
955.95
962.21
950.95
944.16
916.55
961.05
1007
943.54
932.68
925.67
941.39
938.85
940.42
953.31
931.71
926.64
904.52
828.87
695.65
648.78
659.57
582.63
578.96
531.13
451.44
427.68
371.07
299.8
272.28
293.95
261.53
111.92
111.56
255.59
310.17
174
135.78
593.14
596.49
573.94
557.39
544.56
662.18
661.85
658.3
648.26
616.73
609.21
627.05
612.97
608.69
619.43
625.04
614.03
624.03
619.14
606.38
598.93
594.96
565.99
549.6
564.34
551.16
567.56
562.89
562.45
460.45
482.61
477.11
446.92
444.66
463.45
424.37
436.31
444.36
456.63
455.69
462.38
466.56
457.34
384.63
435.14
437.65
427.6
478.38
526.43
536.95
502
485.52
506.02
498.51
495.16
487.91
487.3
500.29
464.49
457.87
443.18
441.92
446.12
445.63
460.13
453.67
438.65
436.05
430.87
432.19
446.55
441.11
445.45
451.9
433.23
438.21
433.92
442.63
448.1
453.63
452.79
450.14
443.9
484.57
488.84
515.36
518.09
520.46
570.44
582.01
570.1
570.84
564.42
612.35
627.91
649.79
655.49
669.43
638.93
660.18
650.41
651.67
651.05
644.35
655.62
642.95
597.13
610.35
583.42
582.29
599.08
605.09
606.21
600.17
590.75
597.04
603.62
591.17
588.77
568.45
582.7
602.23
597.56
601.06
635.14
643.19
645.72
638.03
623.96
622.96
626.65
613.6
615.32
623
618.39
632.9
635.9
628.03
618.32
619.6
614.8
626.58
627.47
627.04
620.98
625.13
622.53
621.69
601.87
600.5
596
595.03
587.93
585.77
564.64
589.52
598.78
591.72
588.94
592.77
588.76
589.77
592.8
595.85
589.52
592.06
575.89
567.66
542.1
504.8
496.45
522.01
485.5
462.18
485.12
516.78
517.94
516.1
497.68
509.71
502.93
512.56
515.23
510.75
512.56
505.96
481.78
477.19
478.94
480.04
490.99
483.65
484.47
485.75
475.69
474.9
479.7
478.49
477.73
478.17
477.74
477.71
466.75
461.09
424.26
397.67
411.53
401.62
404.09
436.86
423.77
412.29
404.46
399.02
379.08
376.77
388.17
382.84
375.14
363.45
335.32
322.86
331.55
331.65
350.87
360.91
361.71
361.22
373.17
387.32
397.1
393.17
379.77
380.48
390.88
387.28
380.39
382.35
378.93
355.78
355.1
346.72
348.67
350.09
351.06
335.12
344.86
337.87
325.43
322.55
324.24
327.96
338.01
347.67
341.87
343.54
362.04
367.15
365.42
432.03
428.72
396.53
374.86
385.61
384.69
379.16
381.43
357.3
351.77
352.01
365.85
378.85
376.43
365.35
368.83
377.59
376.28
374.93
378.61
380.64
376.96
369.84
377.63
376.26
376.47
364.95
352.19
347.94
347.68
353.4
348.24
349.35
345.37
330.22
320.02
310.34
317.78
330.35
322.63
330.84
335.25
322.4
318.99
329.98
315.34
316.53
314.12
311.27
318.24
314.89
315.21
287.13
264.72
274.84
282.27
291.34
282.69
287.97
273.35
264.77
269.33
221.29
164.92
209.78
206.92
199.65
210.62
215.87
210.55
228.17
232.7
232.17
248.16
252.09
269.18
263.27
236.17
233.99
231.84
218.51
225.29
238.86
227.41
226.58
216.52
222.96
227.68
223.67
220.34
219.67
218.83
221.79
236.17
258.64
233.27
235.83
243.2
235.2
241.92
244.52
244.41
235.73
238.82
238.89
237.33
236.53
253.47
254.06
257.94
273.75
280.65
271.92
275.23
272.56
274.91
274.49
290.02
291.37
295.6
293.85
287.21
281.6
284.88
290.41
285.38
255.92
260.93
261.78
259.71
268.57
265.46
246.72
246.37
248.02
247.21
252.02
242.08
246.79
244.15
246.24
252.6
254.48
252.89
259.64
254.97
252.97
244.57
243.32
234.73
236.48
235.85
223.59
217.99
222.97
227.98
222.59
223.35
223.02
224.24
233.73
233.78
235.4
231.09
226.14
218.7
228.96
225.81
225.42
235.77
233.21
235.34
239.99
238.97
235.82
230.03
237.73
243.74
241.4
239.96
241.81
241.58
236.38
236.9
237.2
236.23
236.3
232.64
232.02
233.96
235.38
240.37
238.94
240.98
237.41
237.84
237.29
237.32
237.03
233.22
229.84
223.14
225.74
225.59
224.22
225.29
224.74
223.47
228.57
229.56
228.79
229.88
230.46
232.48
233.75
237
249.82
247.38
248.44
244.13
244.98
244.1
247.46
243.76
240.56
242.56
242.95
250.73
248.88
256.97
264.12
257.62
254.88
255.4
260.55
270.14
269.08
266.21
268.64
269.14
283.62
291.97
310.44
290.35
286.96
283.42
276.59
279.62
274.05
273.18
277.68
275.09
276.46
275.52
288.37
288.74
291.77
293.01
293.7
288.37
287.02
283.73
280.47
281.36
281.58
284.3
281.72
278
277.89
258.6
263.87
263.3
269.03
267.66
263.44
265.03
260.52
257.12
257.13
246.72
226
234.66
232.4
229.54
226.75
211.43
220.51
224.97
222.73
231.64
228.5
228.4
229.47
227.18
228.63
226.2
230.25
233.67
239.86
239.58
243.24
237.41
238.08
239.9
235.6
230.19
229.91
229.53
228.6
232.72
232.21
231.11
231.09
226.33
230.01
229.89
233.76
235.03
234.3
232.5
238.87
236.71
235.93
237.05
236.71
238.58
238.33
240.15
246.14
242.98
242.58
244.04
245.35
247.65
245.35
248.78
252.33
254.44
262.87
269.58
261.67
263.82
269.75
267.11
274.42
276.92
282.56
287.86
285.15
294.66
303.54
313.63
327.12
311.24
322.95
359.28
396.49
400.89
382.7
369.81
385.09
371.56
380.22
336.69
304.71
333.85
333.77
331.77
317.45
330.21
333.91
335.92
324.98
321.12
324.7
322.78
322.12
318.35
327.52
353.74
359.52
355.83
370.84
377.97
361.8
359.98
360.31
361.67
386.69
393.38
394.28
410.67
416
415.49
449.83
432.29
434.69
442
462.65
453.98
455.53
463.18
461.2
441.78
437.59
437.03
442.43
452.98
454.05
415.37
422.39
421.76
431.92
427.15
429.95
433.99
433.72
430.7
433.32
431.2
430.82
457.05
452.87
448.31
446.19
447.72
445.04
432.18
429.13
372.26
385.04
382.47
384.4
379.46
414.58
410.24
382.65
388.61
402.13
392.76
389.78
395.02
379.69
380.29
377.76
369.84
372.18
373.92
368.02
390.65
386.46
376.68
377.94
372.63
375.32
381.88
379.45
384.04
390.1
405.5
401.07
406.42
417.14
421.4
419.98
440.06
437.87
437.79
419.9
422.72
423.48
427.32
431.3
432.47
436.21
434.04
425.36
419.56
409.48
399
405.96
414.87
411.9
412.76
415.83
419.11
410.36
412.41
414.31
415.13
415.91
418.16
408.16
408.69
411.53
411.11
416.21
416.98
414.74
415.71
416.51
424.57
422.21
415
412.44
415.66
415.64
418.51
419.06
419.33
422.07
421.26
420.14
417.69
418.05
420.25
421.43
424.74
423.47
424.02
428.67
430.05
426.26
427.69
434.92
441.16
449.34
445.28
450.08
457.56
461.73
466
447.01
448.48
454.98
448.53
452.24
444.18
450.27
445.8
448.08
459.56
458.46
457.87
460.44
449.36
452.5
454.43
455.41
456.44
458.11
454.87
453.25
454.22
442.66
442.11
443.64
439.62
443.69
446.11
449.78
453.3
474.05
524.22
516.05
532.26
528.92
537.4
537.1
567.03
571.95
574.91
583.58
575.58
580.51
574.69
577.89
591.6
666.55
700.07
685.14
690.77
761.21
743.9
753.77
761.04
733.97
667.38
590.56
620.84
656.89
663.52
625.41
644.66
644.89
636.54
670.02
674.57
698.06
661.64
675.16
663.67
672.7
635.25
662.78
651.83
647.11
646.71
670.56
661.15
657.25
664.2
660.69
676.33
670.38
671.1
664.4
664.62
651.11
655.16
659.29
654
654.38
654.54
654.13
655.43
654.74
621.87
607
513.43
566.44
576.22
574.66
586.45
590.85
589.24
585.25
590.94
587.84
587.14
584.59
569.06
566.95
580.19
572.34
573.39
574.56
582.61
580.66
587.47
583.56
579.66
577.96
579.37
570.35
574.98
574.23
577.32
573.88
571.99
575.29
598.84
609.55
605.76
610.44
613.21
625.57
623.16
624.52
605.61
607.98
608.61
609.54
608.11
607.78
607.08
610.7
609.85
609.24
597.16
595.63
602.92
602.59
601.49
606.54
605.47
604.67
604.7
608.14
613.41
610.69
611.6
608.96
611.82
610.97
616.03
617.65
615.77
617.29
640.45
635.99
635.6
637.92
637.03
640.12
637.37
635.34
629.06
628.34
630.45
655.48
653.03
650.49
651
674.67
682.3
686.24
714.95
697.27
698.67
726.76
733.51
684.87
702.08
702.11
709.91
705.4
710.9
721.42
714.57
714.97
704.27
701.97
704.56
711.1
740.28
737.53
746.96
747.89
728.51
736.19
749.34
741.07
735.31
740.39
734.14
729.42
733.3
732.56
742.49
752.63
770.94
764.24
766.39
754.34
758.21
765.56
768.49
770.48
774
767.91
778.47
778.74
776.5
775.21
782.05
787.17
789.01
789.79
799.1
829.21
860.15
917.17
891.07
891.07
898.38
925.78
972.17
971.08
959.04
963.38
995.44
1017.05
1033.3
1135.41
989.35
886.16
888.87
900.86
899.78
904.37
785.43
810.11
824.83
819.63
821.17
827.34
899.66
872.03
895.21
892.91
919.84
918.84
921.46
893.75
894.41
915.56
918.01
918.51
914.55
920.73
965.49
982.43
1003.97
1013.02
1031.85
1016.11
1024.67
1049.56
1055.49
978.96
997.61
1008.32
996.52
995.36
1008.34
1008.19
1031.93
1049.41
1052.28
1048.89
1077.56
1119.03
1120.46
1171.91
1176.49
1149.05
1171.58
1188.83
1189.27
1222.66
1255.47
1283.3
1264.32
1271.22
1277.01
1232.69
1146.97
1191.33
1112.39
1179.22
1225.11
1238.19
1243.14
1253.43
1172.88
1071.71
971.38
1022.6
1047.51
1121.29
1044.72
1035.03
939.7
966.3
969.44
1045.14
1044.42
1041.9
1037.91
1079.11
1086.12
1097.4
1147.56
1141.77
1129.87
1188.7
1190.49
1180.78
1204.34
1206.71
1220.74
1212.53
1176.2
1177.33
1176.99
1176.8
1194.01
1206.09
1215.2
1238.09
1249.64
1240.89
1249.14
1248.18
1264.31
1286.63
1332.91
1329.62
1336.28
1351.91
1415.81
1445.93
1485.55
1516.76
1507.77
1545.29
1554.45
1664.47
1697.5
1752.31
1819.29
1686.39
1763.74
1772.55
1708.92
1729.34
1801.3
1880.99
1962
2040.18
2044.19
2124.41
2272.58
2445.28
2307.22
2244.89
2052.43
2189.02
2278.21
2192.55
2303.34
2412.65
2492.6
2545.43
2524.06
2704.96
2870.5
2691.51
2798.78
2811.43
2900.25
2973.45
2656.77
2712.99
2467.27
2442.46
2508.58
2655.1
2539.56
2616.82
2754.38
2677.62
2722.84
2710.37
2590.05
2541.62
2446.05
2583.75
2577.74
2558.37
2480.61
2424.61
2536.46
2572.47
2617.32
2627.86
2614.24
2513.88
2564.86
2511.43
2344.02
2324.29
2403.09
2362.44
2234.17
1975.08
1914.09
2233.39
2320.23
2282.58
2866.02
2675.08
2836.53
2756.61
2763.42
2582.58
2559.21
2691.88
2806.75
2733.5
2766.49
2883.27
2746.99
2720.53
2809.99
2878.49
3262.8
3232.03
3401.91
3429.38
3348.79
3425.67
3654.37
3871.62
4062.6
4327.94
4161.66
4387.4
4278.92
4105.37
4150.45
4066.6
4005.1
4089.7
4141.09
4318.35
4364.41
4352.3
4345.75
4390.31
4597.31
4583.02
4735.11
4921.85
4573.8
4612.92
4267.45
4409.08
4618.71
4635.6
4326.45
4335.13
4245.89
4217.9
4158.92
3870.29
3243.08
3713.76
3698.92
3689.61
4100.28
3907.96
3882.16
3617.27
3600.83
3788.02
3667.52
3932.83
3892.7
4212.2
4195.65
4172.79
4360.62
4403.09
4401.32
4314.18
4218.66
4321.44
4371.94
4435.81
4611.7
4777.49
4763.36
4824.2
5432.62
5637.26
5824.71
5688.14
5759.33
5598.58
5575.83
5698.65
5993.11
6006.65
5982.86
5903.61
5622.55
