0.07
0.1
0.1
0.1
0.1
0.25
0.25
0.25
0.32
100
100
0.9
1.2
1.25
0.103
1
1.3
0.8
1.5
1.5
1.5
1.5
0.9
0.9
0.8
0.8
0.8
0.8
0.8
0.8
0.8
0.8
0.8
0.79
0.79
0.79
0.79
0.79
0.79
0.79
0.79
0.79
0.79
0.7
0.78
0.78
0.78
0.78
0.78
0.7
0.7
0.7
0.7
0.7
0.7
0.7
0.7
0.7
0.7
0.7
0.7
0.7
0.56
0.56
0.56
0.58
0.011
0.011
0.65
0.65
0.7
0.7
0.7
0.7
0.8
0.9
1.2
2
2
2
1.45
1.5
1.5
1.4
1.4
1.52
1.6
1.6
1.64
1.64
2.25
2.25
2.35
2.35
2.35
3.1
6
6
5
6
6
7
7.5
18
18
18
16
16
15.99
8.1
8.1
13
13
11
15.5
15.49
15.49
12
12
12
5
5
5
5
15
15
15
12
9.1
9.1
9.1
9.1
15
12
14.99
14.99
14.99
14.99
14.99
8.5
8.5
8.5
8.5
8.5
8.5
8.5
8.5
8.5
10
6.1
6.1
6.1
6.1
6.1
6.1
6.1
6.1
6.1
6.1
6.1
6.1
7
7
7
7
7
7
7
6
6
6
6
6
6
6
6
6
4
4
4
4
4
4
4
7
7
7
7
4.21
4.21
4.21
4.21
4.21
4.21
4.21
1
1
1
1
1
1
1
1
1
1
1
1
1
1
1
1
1
1
1
1
1
4.4
1.01
4.4
4.4
4.4
4.4
4.4
4.4
4.4
4.4
4.4
4.09
2
4.39
4.39
4.39
4.39
4.39
4.39
1
1
1
1
1
1
1
1
1
1
1
3.85
3.85
3.85
3.85
3.85
3.85
3.85
3.85
3.85
3.85
3.85
3.85
3.85
3.85
3.85
3.85
3.85
3.85
3.85
3.85
3.85
3.85
3.85
3.85
3.85
1
4
4
4
4
4
4
1
1
1
1
1
1
1
1
1
1
1
1
1
2.5
2.5
2
2
2
2.4
2.5
2.5
2.5
2.5
2.5
2.5
2.5
2.5
2.5
2.5
2.5
2.5
2.5
2.5
1.6
1.6
1.6
1.6
1.6
1.6
1.6
1.6
1.6
1.6
1.99
1.65
1.65
1.65
1.65
1.6
1.6
1.72
1.72
1.72
1.6
1.6
1.6
1.6
1.6
1.6
1.5
1.5
1.5
1.5
1.5
1.5
1.5
1.5
1.5
1.5
1.11
1.11
1.11
1.11
1.8
1.8
1.8
1.9
1.9
1.9
1.9
1.9
1.9
1.9
1.33
1.89
1.89
2
2
2
2
2.7
2.7
2.7
1.7
1.7
1.7
10
10
2.5
1.7
1.7
1.7
1.7
2.9
2.9
2.9
3.68
3
3
1.7
3.5
3.5
3.5
3.5
3.5
1.95
3.36
3.53
2.3
2.3
4
2.3
2.3
2.3
2.3
4
3.5
3.5
4
5.99
3.3
3.3
5.16
4.95
4.78
5.1
4.8
4.5
4.16
3.82
4.41
4.35
4.33
4.12
4.13
3.75
3.81
3.42
3.52
3.47
3.66
3.41
2.4
2.41
5.9
2.42
2.42
2.41
2.41
2.41
2.41
3.7
3.3
3.15
3.05
3.03
2.95
2.97
3
2.83
2.87
2.72
2.85
2.85
2.9
2.75
2.82
2.7
2.75
2.65
2.8
2.7
2.9
3
3.05
1.38
2.9
2.8
2.95
2.8
2.95
2.85
2.85
2.77
2.6
2.8
2.88
2.72
2.9
2.88
2.71
2.82
2.79
2.84
2.82
2.79
2.79
2.94
2.8
2.8
2.7
2.8
2.87
2.72
2.69
2.97
3.16
2.9
2.91
2.94
2.91
2.83
2.92
2.84
2.87
2.88
2.92
2.8
2.71
2.85
2.8
2.85
2.9
3.08
2.95
3.19
3.19
2.91
2.91
3.75
3.8
4.47
3.53
3.5
3.71
3.39
3.35
3.53
3.71
3.63
3.83
3.75
3.75
3.74
3.82
3.83
3.54
3.7
3.65
3.63
3.65
3.65
3.7
3.59
3.83
3.72
3.53
3.35
3.19
3.13
3.12
3.3
3.15
3.15
3.15
3.15
3.02
3.05
3.05
2.67
2.81
2.84
2.89
2.75
2.5
2.79
2.51
2.67
2.51
2.56
2.57
2.57
2.64
2.56
2.52
2.51
2.4
2.49
2.43
2.38
1
2.38
2.12
2.42
2.41
2.39
2.48
2.44
2.52
2.48
2.46
2.43
2.53
2.51
2.53
2.45
2.41
2.36
2.37
2.42
2.42
2.41
2.34
2.4
2.22
2.24
2.35
2.53
2.4
2.6
2.5
2.4
2.38
2.33
2.33
2.37
2.23
2.34
2.43
2.41
2.4
2.45
2.43
2.44
2.32
2.26
2.25
2.13
2.04
2.13
2.36
2.52
2.28
2.41
2.53
2.61
2.57
2.34
2.66
2.64
2.49
2.56
2.48
2.18
2.67
2.5
2.55
2.37
2.4
2.28
2.31
2.29
2.29
2.29
2.49
2.18
2.19
2.16
2.25
2.23
2.1
2.21
2.23
2.2
2.2
2.38
2.2
2.2
2.25
2
2.15
2.13
2.33
2.34
2.4
2.5
2.5
2.45
2.52
2.57
2.44
2.54
2.5
2.4
2.33
2.47
2.21
2.51
2.65
2.38
2.33
2.57
2.92
2.7
3.18
3
2.8
2.7
2.96
2.8
2.59
2.64
2.49
2.95
2.46
2.55
2.39
2.95
3.5
3.5
5
4.75
4.1
4.6
5
5.88
3.7
4.9
3.51
4.7
4.02
4.02
4.31
4.02
4.8
3.56
3.66
3.9
4.8
4.6
4
4.2
4.3
4.01
4.08
3.25
3.8
3.61
3.7
4.09
3.7
3.9
3.72
3.58
3.49
4.1
4.22
3.78
4
3.48
3.75
4.05
4
4.04
3.99
3.84
4.6
3.98
4.71
4.9
4.28
4.57
4.27
4.78
5.05
5.32
5.45
5.47
5.81
6.27
5.81
5.88
6
5.9
6.2
6
6.32
6.71
7.95
7.11
7.16
7.06
6.93
7
6.98
7.05
7.13
6.93
6.92
7.22
6.95
7.01
6.95
6.6
6.55
6.52
6.39
6.56
6.42
5.99
6.27
6.43
6.22
6.4
6.2
6.2
6.29
6.4
6.4
6.19
5.95
6.34
6.37
6.6
6.77
6.71
6.82
6.85
6.87
6.76
6.59
6.53
6.57
6.59
6.75
6.66
6.73
6.9
6.89
7
7.36
7.31
7.31
7.64
7.96
8.24
8.22
8.1
7.78
7.55
7.48
7.4
7.49
8
8.06
8.11
8.05
8.1
7.92
8.06
7.6
7.6
7.82
7.87
7.85
8.07
7.78
7.42
7.55
7.93
8.11
8.45
8.24
8.02
7.82
8.08
7.6
7.51
7.3
7.06
6.79
6.7
7
7
6.97
7.05
7.14
7.1
7
6.92
6.83
6.96
7.04
7.38
7.28
7.39
7.89
7.84
7.88
7.86
7.94
8.15
8.07
8.07
8.4
8.4
8.8
9.33
9.15
9.18
8.95
8.59
9.03
9.26
9.38
9.24
9.55
9.5
9.75
9.03
9.33
9.58
10.5
10.23
10.45
10.1
10.5
10.95
12.6
12.8
14
13
13.1
12.26
13.99
13.65
12.85
13.2
13.72
13.1
13.34
12.4
12.55
12.57
12.1
11.7
11.71
11.59
11.29
11.4
11.15
11.44
11.26
10.95
11.08
11.32
11.23
11.12
11.25
12.2
12.3
12.75
12.3
11.9
11.82
11.79
11.6
11.4
11.58
11.58
11.59
11.45
11.54
11.58
11.7
11.61
11.81
12.05
11.7
11.58
11.65
11.92
11.9
11.91
11.85
11.77
11.76
11.6
11.56
11.47
11.53
11.5
11.22
10.91
10.68
10.22
10.46
10.76
10.6
10.3
9.86
9.92
9.36
9.28
9.5
9.12
8.47
9.47
9.03
9.06
9.01
8.84
9.1
9.16
9.23
9.73
9.63
9.7
9.57
9.65
9.58
9.43
9.6
9.5
9.29
9.11
8.9
8.48
8.5
8.54
8.67
8.52
9.04
9.01
8.98
9.01
9
8.82
8.96
8.63
8.57
8.72
8.66
8.55
8.6
8.63
8.67
8.68
8.84
9.34
9.08
9.24
9.25
9.35
9.75
9.52
9.84
10.14
10.17
9.84
9.7
9.31
9.68
9.85
9.71
9.53
9.86
10.56
10.92
11.13
11.06
11.62
12.22
15.49
13.63
11.21
11.72
12.31
12.12
12.16
11.14
12.17
12.35
12.25
12.26
12.8
14.04
13.79
15.01
14.9
14.79
14.98
15.03
14.03
14.26
14.75
15.13
15.09
15.27
15.79
15.94
15.69
16.01
16.9
16.88
16.51
16.5
16.82
16.89
16.05
16.91
17.06
16.81
16.72
18.04
19.39
19.27
19.75
21.07
22.22
21.17
20.86
21.5
24.42
25.52
26.6
27.64
27.92
32.43
41.4
42.13
47.25
43.02
42
45.8
45.41
41.33
50.39
49.67
72.56
76.03
74.64
87.69
96
89.49
98.52
108.74
108.59
101.87
98.08
103.45
102.43
101.94
94.99
94.13
84.99
87.66
84.76
78.45
72.4
67.42
56
62.45
68.64
74.04
66.06
66.14
67.24
65.04
61.39
60.87
67.4
72.81
71.8
74.71
75.19
75.44
72.47
72.34
71.04
70.84
70.96
70.24
71.63
71.2
71.31
77.71
78.55
93.07
89.36
84.77
83.73
85.59
86.45
92.55
94.38
100.93
95.87
86.73
87.65
88.63
85.23
86.99
87.28
88.75
83.32
81.85
87.19
96.14
97.39
99.85
119.34
131.8
142.5
115.71
108.95
96.58
104.97
114.1
119.19
132.69
133.53
142.91
140.9
141.66
143.89
140.87
138.41
141.22
144.86
148.47
181.73
167.8
180.21
163.26
161.08
162.18
175.27
187.06
194.5
188.17
178.96
180.85
184.69
177.99
169.59
160.72
172.98
179.62
172.13
173.7
162.01
169.78
178.55
181.4
204.92
207.71
190.59
208.1
195.49
174.07
162.62
177.73
167.74
159.51
141.88
131.35
149.99
154.61
153.52
182.7
182.04
190.17
188.71
201.48
193.45
192.22
193.71
184.58
185.5
171.41
175.72
184.04
181.6
187.64
187.09
192
188.77
196.64
203.31
198.94
201.01
205.66
204.29
196.9
198.74
202.64
231.08
234.74
222.63
286.58
291.51
281.22
291.76
292.46
313.34
314.96
396.74
362.9
356.56
360.1
371.61
380.77
395.46
348.09
356.27
313.65
326.74
349.76
346.98
330.89
324.84
324.26
317.75
326.59
298.96
240.08
285.56
300.27
312.09
335.58
325.95
342.58
329.85
342.61
351.08
329.2
348.22
341.7
350.51
342.36
328.7
329.58
317.01
307.98
294.5
303.32
305.35
305.95
311.52
301.97
282.33
290.93
298.21
290.81
308.82
316.35
308.89
302.16
299.48
296.19
293.7
287.54
276.66
273.86
279.39
293.99
