3
1.2
1.2
1.2
0.99
1.29
1.88
1.79
1.79
1.37
1.3
1.36
1.24
1.52
1.44
1.4
1.35
1.24
1.27
1.18
1.14
1.3
1.18
1.32
1.31
1.36
1.14
1.23
1.35
1.37
1.34
1.28
1.26
1.21
1.19
0.9242
1.15
0.8856
0.955
0.95
0.9363
0.875
0.8523
0.89
0.8871
0.9412
0.8059
0.91
0.8
0.6823
0.7703
0.7008
0.6
0.6816
0.7137
0.6548
0.6647
0.6796
0.6095
0.6078
0.6511
0.6
0.62
0.6352
0.6351
0.5993
0.63
0.6017
0.5
0.56
0.525
0.523
0.505
0.5
0.44
0.42
0.609
0.5649
0.5561
0.62
0.706
0.83
0.99
1.12
1.14
0.8676
0.99
0.9878
1.06
0.799
0.8764
0.9899
0.93
1
0.998
0.9
0.75
0.88
0.9
0.88
0.9193
0.925
1
0.9973
0.94
0.92
0.96
0.97
0.92
0.91
0.87
0.86
0.88
0.91
0.87
0.88
0.87
0.82
0.83
0.84
0.8699
0.825
0.79
0.8102
0.8051
0.8437
0.8998
0.96
0.9199
0.99
1
0.803
0.94
0.9
0.8935
1.07
0.91
0.88
0.8709
0.87
0.88
0.853
0.918
0.8749
0.86
0.8925
0.9488
0.92
0.9547
0.96
0.95
0.9426
0.95
0.94
0.985
0.985
1
1.08
1.22
1.14
1.16
1.2
1.22
1.31
1.47
1.22
1.54
1.54
1.52
2.03
2.1
2.5
2.3
2.42
2.55
2.41
2.44
2.2
2.17
2.45
2.53
2.57
2.56
2.53
3
3.16
3.76
4.35
6.38
5.27
5.22
5.2
5.22
4.25
3.86
4.36
4.45
4.37
4.63
5.6
5.7
6.23
5.93
6.03
6.31
6.5
6.35
7.59
8.7
9.35
9.96
11
10.98
9.5
9.88
11.55
11.11
11.25
13.25
15
12.5
13.09
12.92
11.14
10.75
10.55
10.06
11.97
10.96
12.29
11.13
10.69
11
10.5
11.58
11.73
11.88
11.41
11.63
11.61
11.58
11.1
10.39
10.79
10.08
9.74
9.16
8.8
8.72
7.53
8.02
8.48
8.22
8.48
9.45
8.92
8.77
8.54
8.15
7.83
8.31
8
7.43
7.5
7.77
7.3
7.51
8.83
8.76
10.03
9.37
9.43
9.79
9.27
9.3
9.44
9.32
9.39
9.97
10.1
10.48
10.14
9.94
11.04
12.26
13.29
14.49
13.73
13.95
14.21
13.45
12.62
12.53
12.37
11.11
11.56
12.28
12.48
13.85
13.83
13.78
13.78
13.66
13.85
13.96
14.41
14.44
14.49
13.97
14.01
15.57
17.55
18.7
18.3
20.61
15.49
11.36
12.33
11.7
12.71
13.21
13.58
14.25
14.28
13.82
14.04
12.15
12.76
12.4
12.23
12.04
11.85
11.34
10.45
10.51
10.07
11.3
10.92
10.97
10.58
10.54
10.44
11.55
11.88
11.59
11.19
11.03
11.63
12.54
12.66
14.82
14.4
12.63
13.84
12.08
13.05
12.87
12.87
12.57
11.86
11.04
8.3
10.42
11.21
11.05
10.95
10.98
11.29
12.22
12.22
11.68
11.78
11.56
11.21
11.21
11.17
10.77
10.77
10.71
11.28
11.14
11.07
11.01
11.01
11.35
11.26
11.19
10.99
10.95
11.21
11.55
12.21
12.08
11.85
11.71
11.75
11.7
11.59
11.39
11.72
12.05
11.64
11.89
11.92
11.97
11.96
12.61
12.83
12.39
12.93
14.72
13.72
13.11
13.36
12.91
13.05
12.89
13.09
13.3
13.17
13.24
13.21
13.23
13.45
13.32
13.09
12.87
12.68
12.24
12.06
11.74
11.75
11.77
12.02
11.9
11.96
11.93
11.98
12.5
11.98
12.05
12.07
12.06
11.95
11.93
11.38
11.5
11.43
11.08
10.39
11.22
10.91
10.75
10.82
10.86
11.13
11.11
10.97
10.9
10.86
10.64
10.52
10.29
9.96
10.13
10
10.22
10.01
9.95
9.53
9.7
9.57
9.56
9.84
9.78
9.22
9.39
9.34
8.91
8.66
8.18
8.59
8.44
7.65
7.9
7.54
6.69
7.61
8.35
8.3
8.52
8.09
8.2
8.45
8.4
8.23
7.76
7.85
7.66
7.89
7.61
7.59
7.87
7.64
7.16
7.23
7.19
7.21
7.15
7.57
8.21
8.16
8.05
8.14
8.33
9.59
10.88
10.2
10.07
9.78
10.27
10.2
10.55
9.83
9.81
9.78
9.78
9.88
9.59
10.14
10.19
10.43
10.6
10.91
10.71
10.78
10.51
10.51
10.65
10.51
10.54
10.47
10.62
10.71
10.71
10.78
10.95
11.32
11.22
11.32
11.45
11.39
10.94
11.34
11.43
11.42
11.39
13
12.97
12.95
12.72
12.83
12.82
12.52
12.77
12.69
13.13
13.11
13.57
14.59
15.55
16.07
17.55
19.08
19.48
18.61
19.22
19.75
18.91
16.54
17.71
19.13
21.45
23.31
28.45
28.58
35.18
45.51
44.48
34
43.12
42.51
42.67
41.65
43.2
53.19
50.62
50.63
49.06
50.25
53.07
51.91
49.91
50.6
48.55
44.13
44.43
44.9
43.23
42.31
44.37
43.72
43.74
43.74
46.38
49.97
47.32
48.89
48.22
47.94
49.88
47.88
49.36
48.27
48.41
48.75
49.94
50.09
53.28
63.14
72.42
69.83
79.83
77.53
77.25
80.37
94.55
90.79
94.82
90.46
88.39
86.27
87.83
88.2
85.15
87.96
88.72
90.32
87.8
86.98
95.88
124.38
123.06
148
160.39
169.5
193.03
177.33
162.83
156.63
172.86
194.17
228.58
228.64
220.7
222.04
224.3
244.96
247.75
264.26
255.77
259.41
279.11
335.95
339.68
394.66
388.09
343.84
344.68
353.61
368.1
351.53
358.2
350.53
325.3
320.97
326.85
304.54
279.36
253.68
286.14
315.86
292.9
280.68
261
283.99
276.41
269.05
266
265.88
240.94
245.67
237.72
205.76
190.55
224.15
205.41
197.14
169.1
155.42
189.97
227.09
194.41
226.33
216.33
230.47
228.32
225.48
203.59
202.88
202.93
191.21
206.14
196.78
201.33
225.9
218.12
224.39
220.6
253.09
264.56
269.94
296.51
295.28
298.28
309.32
308.02
296.62
299.16
286.52
301.38
300.3
292.62
293.02
298.2
321.85
313.37
317.4
325.28
330.06
332.86
347.88
347.66
372.35
383.86
388.33
391.42
351.03
352.45
303.7
317.94
338.92
335.37
306.72
303.79
299.21
297.95
294.1
275.84
223.14
259.57
254.49
258.4
297.53
283
283.56
257.77
262.94
286.14
282.6
294.89
288.64
309.97
302.77
292.58
302.77
303.95
296.81
291.81
291.68
294.99
308.33
311.26
309.49
296.95
298.46
302.86
302.89
336.83
338.81
336.58
334.23
316.14
313.54
307.41
303.08
299.55
294.03
285.27
303.2
