3
3
3
3
3
3
3
3
3
3
3
3
3
3
3.2
3.2
3.2
3.2
3.2
3.2
5
3
5
4.25
4.25
5
9
9
9
10
12.8
10
12
20.5
35.99
46.1
41
41
35.3
33.51
33
32.2
38
32
22.78
27.93
31.98
35.26
31.57
31
30.59
30.01
30.92
25.77
23.74
13
19.8
18.85
17.13
18
17.2
18
22.06
24.97
22.06
22.33
24.51
24.96
23.55
24.77
26.6
25.49
24.05
26.01
28.7
23
24.9
24.5
24.06
26.35
25.39
25.01
24.52
24.52
24.01
24
24.94
24.9
24.28
25.49
23
22.3
21.05
22.26
22.34
20.78
22.88
21.7
20.72
21.59
21.46
21.87
21.41
21.07
21.2
19.8
18.89
17.5
18.7
17.9
16.3
19.49
16.42
16.76
16.28
15.23
15.76
17.28
15.83
15.95
14.89
13.32
15
15.22
14.42
15.85
14.84
15.05
13.54
12.86
14.24
17.11
17.34
16.82
16.89
15.56
16.16
16.21
16.22
17.75
17.78
17
17.16
17.18
17.89
20
18.1
16.89
16.21
15.49
15.49
16.12
16.72
16.96
13.94
14
14.3
12.75
12.74
13.41
11.94
11.5
11.66
11.2
11.39
11.95
12
11.87
9.13
11
11.32
10.35
11.99
12.94
13.38
13.15
12.57
12.77
12.73
12.73
5
12.18
12.88
11.14
10.8
10.31
10.4
10.56
11.11
11.3
10.78
10.39
10.5
10.29
10.56
10.7
10.77
9.89
10.8
10.34
10.46
10.36
10.4
10.35
10.65
10.15
10.15
10.31
10.86
10.75
10.88
11.27
10.75
11.8
12.04
12
10.92
11.28
11.23
11.08
11.12
11.51
11.17
11.14
11.36
11.46
11.16
11.44
11.08
11.19
11.08
10.03
10.12
9.89
9.51
9.84
9.5
9.76
9.89
10
9.54
10
9.5
9.5
9.29
9.5
9.62
9.61
9.61
9.12
9.01
8.82
8.8
8
8
7.02
7.37
7.37
8.19
8.19
7.69
7.85
8.8
8.84
8.84
8.53
8.31
8.6
8.93
10.75
10.75
8.41
8.41
8.25
7.56
7.61
7.81
7.62
7.68
7.29
7.61
7.71
7.65
7.58
7.41
7.23
7.21
7.16
7.11
7.01
6.95
6.01
5.59
5.06
5.03
5.04
5.1
4.34
3.79
4.56
5.5
5.78
5.33
4.79
5.43
5.18
5.52
5.41
5.29
5.38
5.24
4.92
4.72
4.82
4.86
5.21
4.99
5.01
5.17
5.07
5.04
5.32
5.31
5.41
5.44
5.43
5.2
5.07
5.06
4.72
4.37
4.28
4.26
4.29
4.81
4.69
4.54
4.45
4.42
4.23
4.24
4.48
4.45
4.31
4.26
3.98
3.7
3.83
3.84
3.9
3.87
3.81
3.78
3.82
3.86
4.07
4.05
4
4
4.06
3.99
3.92
3.94
3.84
3.74
3.73
3.67
3.71
3.8
3.83
3.73
3.79
3.76
3.58
3.59
3.57
3.59
3.63
3.64
3.55
3.55
3.62
3.68
3.65
4.11
4.14
3.98
3.86
3.87
3.86
3.79
3.81
3.6
3.5
3.51
3.58
3.63
3.58
3.56
3.56
3.6
3.59
3.57
3.58
3.62
3.62
3.6
3.62
3.62
3.72
3.68
3.53
3.5
3.48
3.49
3.48
3.48
3.45
3.04
2.94
2.79
2.85
2.92
2.85
2.87
2.88
2.74
2.68
2.78
2.7
2.72
2.69
2.69
2.71
2.69
2.66
2.18
1.95
2.11
2.1
2.11
2
1.98
1.63
1.66
1.73
1.54
1.12
1.29
1.4
1.28
1.32
1.33
1.31
1.36
1.41
1.43
1.86
2.22
2.06
2.08
1.93
1.89
1.92
1.88
1.84
1.78
1.83
1.8
1.74
1.79
1.8
1.78
1.73
1.76
1.73
1.75
1.82
1.96
1.83
1.8
1.85
1.81
1.85
1.84
1.84
1.79
1.81
1.82
1.8
1.81
1.84
1.84
1.87
1.92
1.94
1.93
1.91
1.89
1.91
1.89
1.94
2.01
2.02
2.04
2.01
1.99
2.01
2.03
1.99
1.74
1.75
1.76
1.74
1.79
1.77
1.64
1.66
1.69
1.68
1.7
1.65
1.67
1.65
1.66
1.68
1.69
1.67
1.67
1.64
1.67
1.62
1.58
1.52
1.45
1.46
1.36
1.38
1.38
1.41
1.4
1.39
1.38
1.39
1.42
1.46
1.45
1.42
1.39
1.32
1.38
1.36
1.36
1.43
1.41
1.41
1.43
1.41
1.4
1.39
1.46
1.47
1.44
1.43
1.44
1.44
1.44
1.44
1.45
1.45
1.45
1.44
1.45
1.45
1.47
1.83
1.78
1.81
1.8
1.81
1.84
1.83
1.82
1.8
1.63
1.61
1.66
1.67
1.66
1.74
1.75
1.73
1.78
1.8
1.75
1.79
1.8
1.85
1.99
2.01
2.83
2.85
3.09
2.81
3.04
3.01
3.02
2.96
2.8
2.84
2.86
3.08
3.04
3.76
4.1
3.96
4.07
4.09
4.1
4.77
5.32
5.33
6.09
7.6
4.26
4.28
5.18
4.54
4.54
4.11
3.6
3.74
3.88
3.6
3.87
3.7
3.78
3.75
4.6
4.59
4.57
4.59
4.98
4.73
4.53
4.56
4.19
4.14
4.19
4.34
4.3
4.01
4.1
3.77
3.87
3.88
4.08
3.98
3.85
3.99
3.9
3.95
3.97
3.82
3.4
3.57
3.54
3.48
3.35
2.92
2.93
2.92
2.8
2.86
2.85
2.79
2.82
2.79
2.78
2.59
2.67
2.86
3.05
3.05
3.03
2.89
2.93
2.94
2.82
2.8
2.83
2.8
2.78
2.9
2.93
2.86
2.84
2.78
2.82
2.85
2.9
2.87
2.87
2.86
3.03
2.99
2.98
2.98
2.96
3.01
2.98
2.99
3.11
3.03
3.04
3.09
3.09
3.13
3.11
3.14
3.11
3.08
3.1
3.05
3
3.03
3.06
3.06
3.1
3.08
3.09
3.07
3.08
3.08
3.07
3.81
3.84
3.55
3.67
3.97
4.28
3.99
3.76
3.42
3.48
3.34
3.33
3.11
2.92
3.24
3.21
3.17
3.04
3.17
3.18
3.17
3.11
3.1
3.13
3.11
3.11
3.1
3.3
3.54
3.55
3.49
3.64
3.6
3.41
3.34
3.35
3.33
3.48
3.44
3.56
3.63
3.62
3.63
3.76
3.54
3.54
3.55
3.76
3.63
3.71
3.73
3.7
3.51
3.41
3.39
3.55
3.61
3.59
3.4
3.48
3.46
3.5
3.46
3.47
3.49
3.49
3.47
3.49
3.46
3.45
3.59
3.56
3.54
3.53
3.55
3.52
3.48
3.45
3.14
3.06
3.02
3.04
3.02
3.36
3.22
3.08
3.11
3.17
3.12
3.13
3.28
3.08
3.1
3.06
3.06
3.07
3.07
3.04
3.14
3.13
3.09
3.09
3.06
3.08
3.1
3.04
3.09
3.12
3.19
3.14
3.18
3.23
3.23
3.23
3.42
3.41
3.45
3.38
3.35
3.35
3.38
3.38
3.4
3.4
3.41
3.36
3.31
3.23
3.18
3.2
3.24
3.22
3.25
3.27
3.35
3.28
3.28
3.29
3.29
3.29
3.28
3.16
3.17
3.19
3.19
3.22
3.22
3.18
3.21
3.21
3.28
3.25
3.22
3.21
3.23
3.22
3.24
3.25
3.23
3.25
3.24
3.22
3.21
3.21
3.21
3.22
3.25
3.24
3.24
3.27
3.27
3.25
3.24
3.27
3.27
3.33
3.3
3.34
3.57
3.77
4
3.96
3.77
3.78
3.65
3.7
3.67
3.73
3.73
3.7
3.78
3.93
3.91
4.03
3.78
3.86
3.84
3.91
4.01
4.05
4
4
4
3.88
3.87
3.95
3.94
3.97
3.94
4.04
4.08
4.48
4.41
4.41
4.54
4.56
4.67
4.67
4.8
4.75
4.79
4.92
4.74
4.74
4.71
4.82
4.91
5.11
5.21
5.15
5.17
5.49
5.44
5.47
5.48
5.22
4.74
3.77
3.78
4.15
4.17
4
4.07
4.06
4.03
4.16
4.23
4.56
4.29
4.46
4.36
4.43
4.07
4.18
4.12
4.09
4.07
4.16
4.14
4.13
4.13
4.11
4.14
4.13
4.14
4.11
4.12
4.02
4.04
4.05
4.03
3.95
3.96
3.96
4.05
4.07
3.94
3.88
3.5
3.7
3.72
3.7
3.76
3.76
3.78
3.74
3.75
3.75
3.71
3.71
3.62
3.58
3.63
3.59
3.6
3.6
3.61
3.61
3.66
3.94
3.84
3.79
3.81
3.74
3.73
3.77
3.8
3.79
3.82
3.81
3.9
4.01
3.96
3.95
3.95
3.97
3.96
3.96
3.85
3.81
3.81
3.82
3.8
3.82
3.8
3.83
3.82
3.83
3.77
3.76
3.81
3.8
3.8
3.85
3.84
3.83
3.84
3.83
3.83
3.84
3.83
3.83
3.84
3.82
3.84
3.82
3.81
3.77
3.81
3.8
3.88
3.87
3.86
3.86
3.84
3.82
3.79
3.77
3.8
3.85
3.88
3.84
3.85
3.92
3.98
3.95
4.05
3.96
3.96
4.06
4.08
3.83
3.86
3.86
3.87
3.84
3.82
3.85
3.8
3.8
3.75
3.85
3.86
3.87
3.89
3.88
3.93
3.92
3.88
3.92
3.91
3.9
3.86
3.88
3.85
3.86
3.87
3.84
3.87
3.89
3.9
3.89
3.89
3.49
3.5
3.63
3.67
3.67
3.67
3.63
3.65
3.63
3.61
3.63
3.62
3.67
3.66
3.64
3.64
3.63
3.67
4.41
4.38
4.22
4.2
4.3
4.42
4.47
4.35
4.32
4.42
4.54
4.51
4.42
4.16
3.76
3.82
3.91
4.25
4.47
3.84
3.94
3.86
3.89
3.85
3.82
3.89
3.8
3.82
3.84
3.85
3.81
3.82
3.75
3.66
3.81
3.85
3.84
3.82
3.99
4.02
4
4.03
3.99
3.96
3.97
3.93
3.93
3.93
3.67
3.76
3.81
3.73
3.74
3.8
3.81
3.84
3.83
3.78
3.75
3.73
3.78
3.8
3.8
3.87
3.85
3.82
3.83
3.77
3.8
3.96
4.02
3.98
3.97
4.05
3.96
3.8
3.89
3.78
3.8
3.87
4.36
4.17
4.26
4.33
4.2
4.05
3.98
4.12
4.09
3.98
4.02
4.18
4.13
4.1
4.1
4.2
4.32
7.5
7.1
7.48
8.22
8.57
8.97
12.39
10.7
9.89
10.66
9.21
9.8
9.66
11.6
11.06
11.67
11.67
11.73
11.26
11.06
10.29
10.97
12
14.05
15.15
14.87
15.06
14.89
14.66
14.25
15.75
15.63
15.74
15.57
20.53
22.95
25.2
27.46
29.5
28.1
31.77
31.28
29.88
26.76
28.14
28.07
24.5
22.83
25.06
27.88
27.27
27.42
26.02
24.79
31.36
34.8
28.32
24.45
22.83
23.89
25.33
23.89
25.91
27.55
28.27
27.27
27.89
30.78
30.07
28.47
29.9
29.54
30.06
33.63
28.98
30.38
29.19
29.29
34.12
45.8
43.8
47.37
45.68
44.5
46.16
46
42.7
41.28
38.53
40.24
41.89
40.13
39.48
38.08
41.26
45.34
54.51
52.92
51.04
46.1
51.22
48.63
45
43.98
47.14
45.69
42.46
38.41
40.7
42.17
43.35
40.11
44.35
45.2
46.47
44.67
44.77
42.3
42.03
41.89
40.43
41.07
40.61
42.38
43.16
41.92
42.75
43.31
46.24
45.56
46.11
49.13
47.78
46.97
47.11
46.27
45.49
45.7
43.17
43.97
43.83
46.74
45.19
45.81
48.09
46.4
53.44
50.36
51.09
51.58
61.08
62.36
63.76
65.97
73.03
87.88
79.18
79.04
68.89
73.73
81.44
80.25
73.19
71.09
67.08
68.13
65.89
61.78
45.2
52
52.1
51
56.16
52.8
51.56
46.46
47.67
49.29
47.5
52.27
52.27
56.9
54.91
52.8
55.41
54.8
53.29
52.15
51.22
51.64
52.08
52.57
53.3
50.08
50.58
50.79
59.72
59.05
63.94
65.57
64.76
59.19
60.55
59.68
60.09
58.09
56.51
54.63
57.69
