0.2158
0.2108
0.2139
0.2308
0.2279
0.216
0.2188
0.2164
0.1918
0.2165
0.1913
0.203
0.1944
0.1868
0.1858
0.2007
0.1915
0.1982
0.206
0.1902
0.1903
0.1926
0.1773
0.1684
0.158
0.1614
0.1692
0.1587
0.1559
0.1415
0.1561
0.1735
0.187
0.1736
0.1704
0.1561
0.1578
0.1521
0.1457
0.1457
0.1337
0.1208
0.1177
0.1098
0.09683
0.1349
0.1324
0.126
0.1534
0.145
0.177
0.1674
0.1696
0.1579
0.1565
0.1716
0.1655
0.1693
0.159
0.1612
0.1791
0.2149
0.22
0.2236
0.2296
0.2442
0.2802
0.2731
0.2786
0.293
0.293
0.2741
0.2595
0.2526
0.2458
0.2568
0.2452
0.2412
0.2549
0.276
0.2465
0.2495
0.2583
0.2409
0.256
0.2696
0.2709
0.2808
0.282
0.2942
0.3372
0.3249
0.2777
0.3011
0.2767
0.2838
0.3009
0.2923
0.2651
0.2725
0.2668
0.2564
0.2486
0.231
0.1794
0.221
0.2123
0.2156
0.2441
0.2375
0.233
0.21
0.208
0.2197
0.2163
0.2368
0.2314
0.247
0.2366
0.2365
0.2349
0.244
0.231
0.226
0.2158
0.2099
0.2173
0.2132
0.1958
0.195
0.2116
0.2134
0.2057
0.2123
0.21
0.206
0.2224
0.2147
0.2193
0.2188
0.2157
0.2069
0.2105
0.2015
0.2124
