87.65
87.71
87.55
87.72
88.22
87.97
88.24
88.25
87.55
87.74
87.56
87.77
87.42
87.96
88.32
88.24
87.4
87.35
86.78
86.94
86.71
86.58
86.91
85.76
85.79
85.91
86.04
85.58
87.08
87.65
87.52
87.26
89.68
91.42
91.28
90.85
91.92
95.35
93.28
94.24
96.37
95.08
94.8
95.27
94.14
95.06
94.82
94.17
93.61
94.35
94.58
94.56
94.41
94
93.98
94.08
94.23
95.83
96.14
95.16
95.04
95.3
94.37
94.86
95.49
96.62
96.56
96.47
96.91
99.25
99.99
99.11
100.45
99.31
98.36
98.95
99.73
99.61
99.21
96.61
94.06
95.06
93.87
93.83
94.05
93.73
93.38
92.01
91.92
91.71
91.9
92.75
93.91
94.76
94.92
95.07
94.01
94.64
93.39
93.8
95.69
96.02
94.48
95.52
96.76
97.17
97.52
96.69
96.02
94.79
94.85
94.51
94.97
95.08
94.49
94.98
95.12
95.38
95.81
95.99
93.99
94.65
94.58
94.68
94.7
94.52
95.51
95.28
95.65
94.9
96.17
93.66
94.83
94.28
94.38
92.74
92.67
92.57
92.31
91.46
90.88
90.57
90.98
90.17
89.88
89.61
89.82
90.78
90.59
89.24
88.78
88.82
89.04
88.55
88.82
88.51
86.74
86.81
88.3
86.95
87.1
87.61
87.64
88.21
88.53
89.25
89.22
89.23
90.1
89.03
89.36
89.19
88.67
87.51
88.52
89.26
90.14
90.11
89.52
89.22
89.08
89.98
89.17
89.13
89.22
90.41
90.11
91.34
90.17
89.53
88.39
89.35
88.55
88.62
88.81
89.26
88.57
88.58
89.47
90.78
90.05
90.07
89.42
89.88
89.82
91.5
92.15
90.97
90.55
90.95
90.98
89.8
89.6
90.26
90.35
89.32
88.66
88.72
88.87
87.36
88.15
87.83
86.91
87.56
87.19
87.33
86.93
86.5
86.72
87.04
86.68
86.69
87.68
88.01
88.09
87.66
87.83
88.38
88.04
88.85
88.62
87.31
87.39
86.48
86.41
87.51
87.15
87.2
86.27
85.75
85.69
86.72
87.12
88.06
86.77
86.33
86.87
86.88
85.57
85.21
85.88
85.74
86.51
86
85.57
85.76
85.89
85.5
85.54
85.58
85.09
84.7
84.41
85.09
85.15
84.02
82.84
82.49
83.86
84.6
84.97
84.64
86.04
86.18
85.54
84.84
85.17
83.97
86.93
87.94
87.51
88.13
89.03
87.7
89.89
89.6
89.41
90.1
89.92
89.5
90.29
91.57
91.11
90.13
89.26
89.09
89.2
89.32
88.41
88.6
88.03
88.49
87.09
86.26
88.09
86.9
87.48
87.58
87.52
87.31
87.23
86.07
85.3
85.81
87.13
86.35
87.46
88.51
90.93
89.89
91.01
89.7
87.94
88.2
87.08
87.46
87.49
