0.01523
0.01602
0.016
0.01739
0.017
0.01469
0.0155
0.015
0.0135
0.015
0.01499
0.01352
0.01327
0.0148
0.014
0.01573
0.0155
0.01468
0.01428
0.0135
0.01464
0.01462
0.0143
0.01445
0.012
0.012
0.01508
0.01301
0.01499
0.01307
0.01307
0.01307
0.01307
0.01403
0.01343
0.014
0.013
0.01206
0.01178
0.01101
0.006611
0.008505
0.012
0.012
0.0104
0.0103
0.009777
0.009806
0.009536
0.0077
0.01082
0.01071
0.01112
0.0106
0.01054
0.01053
0.01024
0.01093
0.007515
0.01011
0.01004
0.009728
0.009942
0.0092
0.0085
0.00875
0.00895
0.00835
0.008199
0.007738
0.0079
0.00785
0.008925
0.009368
0.008839
0.008783
0.0091
0.00918
0.009195
0.00918
0.008
0.008
0.008271
0.008271
0.008271
0.008271
0.008271
0.008271
0.008271
0.003565
0.003565
0.004
0.008274
0.00802
0.008021
0.007781
0.008055
0.007699
0.007635
0.0085
0.008499
0.008441
0.007803
0.008165
0.0078
0.00772
0.007799
0.00666
0.0078
0.00666
0.00666
0.007499
0.00666
0.007478
0.006484
0.006485
0.006481
0.006116
0.0046
0.005006
0.005002
0.005002
0.007096
0.005003
0.00747
0.007238
0.01498
0.005526
0.01412
0.0081
0.009
0.0056
0.00857
0.005606
0.008919
0.008919
0.008919
0.008919
0.008917
0.008068
0.008068
0.008068
0.008
0.0079
0.008
0.0084
0.01497
0.0098
0.01497
0.01139
0.0141
0.01
0.01025
0.01025
0.0115
0.0115
0.0122
0.011
0.0118
0.01146
0.011
0.01135
0.01135
0.011
0.0109
0.00885
0.01025
0.0092
0.0097
0.0084
0.008977
0.00825
0.008251
0.0081
0.0088
0.0088
0.0079
0.0079
0.008
0.0079
0.008444
0.008438
0.0082
0.0076
0.0075
0.0077
0.0083
0.0079
0.00875
0.00875
0.0087
0.0086
0.00841
0.0085
0.0085
0.0082
0.0086
0.00801
0.008013
0.009
0.0087
0.00918
0.0085
0.00801
0.0085
0.00801
0.00801
0.008999
0.0085
0.00875
0.007778
0.00875
0.007969
0.00801
0.007
0.008
0.0067
0.00875
0.00875
0.005508
0.00873
0.00873
0.006901
0.009536
0.008711
0.009536
0.009536
0.008
0.00759
0.007999
0.008
0.0085
0.0077
0.0079
0.00755
0.00746
0.00725
0.008
0.0074
0.0076
0.00725
0.0077
0.0072
0.0076
0.0072
0.007499
0.0067
0.0075
0.006596
0.005566
0.005901
0.005526
0.005526
0.00525
0.0058
0.00525
0.005005
0.0059
0.005798
0.0055
0.0051
0.0055
0.00825
0.005251
0.0055
0.0054
0.005006
0.005051
0.005412
0.005051
0.005027
0.005081
0.0048
0.0046
0.004492
0.0046
0.0046
0.004492
0.0051
0.004794
0.004445
0.004003
0.005249
0.005033
0.005033
0.0045
0.0051
0.0045
0.0041
0.004415
0.00445
0.004
0.004
0.00435
0.0047
0.005
0.00434
0.0048
0.004172
0.004308
0.0044
0.0041
0.004399
0.00439
0.004058
0.004327
0.004397
0.004206
0.0042
0.004066
0.004
0.004
0.004
0.004
0.00402
0.00415
0.0041
0.004799
0.00425
0.00475
0.0045
0.00624
0.00735
0.006498
0.006
0.006131
0.0059
0.0058
0.00475
0.006
0.0056
0.0054
0.0055
0.0049
0.005108
0.0056
0.0056
0.00475
0.006694
0.0058
0.0051
0.0049
0.005255
0.00535
0.005205
0.0055
0.005125
0.0052
0.0051
0.005
0.005
0.005
0.005
0.004
0.0054
0.00401
0.005053
0.00505
0.00479
0.00505
0.004892
0.004917
0.00511
0.005245
0.005433
0.005241
0.005231
0.00512
0.005122
0.0051
0.005653
0.006511
0.005795
0.00692
0.00633
0.006154
0.006697
0.006989
0.006623
0.006633
0.0079
0.008
0.007644
0.008122
0.007361
0.007388
0.008191
0.00794
0.00844
0.00821
0.00835
0.00811
0.007456
0.00844
0.008479
0.007896
0.008312
0.00831
0.00815
0.00785
0.008234
0.008225
0.0078
0.008155
0.0081
0.008278
0.008094
0.007902
0.007938
0.007342
0.00755
0.007672
0.0078
0.0081
0.008201
0.009218
0.00814
0.008182
0.0083
0.00787
0.008193
0.0081
0.008282
0.00782
0.00778
0.00792
0.007915
0.008381
0.008421
0.008212
0.008128
0.007863
0.007329
0.0075
0.007105
0.007395
0.0075
0.00757
0.007478
0.0074
0.007301
0.007304
0.006828
0.006541
0.006222
0.0061
0.00623
0.005995
0.005943
0.006367
0.006544
0.006549
0.006635
0.006711
0.007038
0.006951
0.0073
0.007357
0.007357
0.007225
0.007274
0.00693
0.006614
0.006735
0.006858
0.006881
0.006583
0.006686
0.006455
0.006262
0.006116
0.006302
0.006344
0.006303
0.0064
0.006295
0.006089
0.006125
0.006101
0.006049
0.006091
0.006091
0.005991
0.005764
0.006185
0.006095
0.00595
0.00594
0.005751
0.0058
0.00555
0.0057
0.00549
0.004853
0.005613
0.005799
0.00557
0.00579
0.005774
0.005849
0.005895
0.005799
0.005898
0.00578
0.005738
0.005672
0.00569
0.00569
0.005599
0.005814
0.0073
0.0066
0.006587
0.006649
0.006507
0.007238
0.00649
0.005804
0.0068
0.006295
0.00665
0.006479
0.0065
0.0063
0.007246
0.006957
0.0066
0.00678
0.00661
0.006789
0.006554
0.006432
0.00652
0.00661
0.006706
0.006549
0.00644
0.00624
0.006496
0.0065
0.006458
0.006531
0.006707
0.006732
0.0065
0.006443
0.0064
0.006492
0.006242
0.0064
0.006286
0.006243
0.005795
0.005952
0.006008
0.0062
0.0062
0.006
0.005742
0.005695
0.00562
0.006117
0.0059
0.0063
0.0062
0.006
0.00625
0.00624
0.006106
0.00605
0.00618
0.005944
0.0062
0.00615
0.0061
0.005907
0.006065
0.006204
0.00604
0.005652
0.00575
0.006149
0.0062
0.005908
0.0059
0.006057
0.0065
0.006
0.006
0.005948
0.006023
0.00603
0.005947
0.005926
0.005965
0.005883
0.00594
0.00603
0.005917
0.005825
0.005899
0.005917
0.006058
0.0091
0.0072
0.007078
0.006999
0.006958
0.006825
0.006805
0.006848
0.0074
0.0075
0.008166
0.0077
0.008405
0.008668
0.009097
0.0086
0.007982
0.00795
0.008169
0.0078
0.007256
0.007496
0.007366
0.007446
0.00745
0.008064
0.007814
0.007921
0.007981
0.00812
0.007999
0.00803
0.00808
0.0084
0.008571
0.0092
0.009098
0.00888
0.008903
0.00886
0.008902
0.008774
0.00829
0.0078
0.007732
0.008023
0.007979
0.008028
0.008225
0.008145
0.0082
0.00821
0.00807
0.00826
0.008263
0.008179
0.008153
0.008021
0.008109
0.008028
0.008079
0.00771
0.0077
0.007809
0.0078
0.007689
0.00765
0.0074
0.007378
0.007045
0.00687
0.006819
0.006971
0.006845
0.006761
0.00672
0.006795
0.006604
0.006558
0.006656
0.006423
0.006304
0.0067
0.007
0.006996
0.006931
0.006742
0.006766
0.0067
0.006689
0.006788
0.006634
0.006694
0.00649
0.0065
0.00645
0.006538
0.006559
0.006376
0.006086
0.006438
0.00631
0.00625
0.006135
0.006243
0.006474
0.006415
0.006511
0.006346
0.006312
0.006411
0.00641
0.006276
0.006222
0.006363
0.006251
0.006176
0.006815
0.006543
0.006359
0.006669
0.006795
0.00681
0.00678
0.00683
0.0068
0.00684
0.0066
0.00684
0.00678
0.00669
0.0065
0.00649
0.0063
0.00636
0.00639
0.00631
0.00645
0.00641
0.00649
0.0064
0.00638
0.00644
0.00629
0.00638
0.00641
0.00635
0.00628
0.00631
0.00638
0.00627
0.00624
0.00622
0.0061
0.00593
0.00587
0.00554
0.00591
0.00596
0.00585
0.00583
0.00585
0.0056
0.00563
0.0057
0.00556
0.00557
0.00539
0.00606
0.00649
0.0062
0.00604
0.00604
0.00673
0.0065
0.00648
0.00617
0.00625
0.00632
0.00644
0.00639
0.00625
0.0063
0.00597
0.00688
0.00669
0.0069
0.00682
0.00719
0.011
0.01062
0.00888
0.00937
0.00943
0.00955
0.01015
0.01383
0.0214
0.022
0.0615
0.03201
0.03787
0.03559
0.0332
0.03715
0.03575
0.03421
0.03404
0.03316
0.03455
0.03422
0.03348
0.03381
0.03306
0.03333
0.03281
0.03035
0.02999
0.03355
0.0316
0.03141
0.03151
0.03224
0.03275
0.03523
0.045
0.05383
0.05218
0.05383
0.05382
0.06108
0.08
0.09139
0.1001
0.1391
0.1917
0.1564
0.187
0.1837
0.2069
0.2102
0.2171
0.2631
0.325
0.375
0.3575
0.3224
0.3449
0.324
0.2988
0.3229
0.29
0.24
0.276
0.21
0.2281
0.2324
0.2042
0.2475
0.3364
0.2959
0.2921
0.2941
0.2888
0.284
0.2762
0.2869
0.2814
0.2598
0.2701
0.2467
0.2626
0.2623
0.245
0.2506
0.2597
0.2651
0.281
0.308
0.2726
0.2779
0.2916
0.2775
0.2577
0.2461
0.2618
0.2686
0.2561
0.2466
0.2386
0.2537
0.2523
0.2473
0.252
0.2506
0.2303
0.23
0.2261
0.1883
0.1778
0.1958
0.1925
0.1843
0.172
0.1461
0.1723
0.1788
0.163
0.1925
0.1835
0.1977
0.1966
0.1915
0.1744
0.1723
0.1725
0.1633
0.169
0.1633
0.1648
0.1776
0.1709
0.1748
0.1744
0.1848
0.1802
0.1782
0.1967
0.1841
0.1809
0.1778
0.1716
0.1657
0.1683
0.1577
0.1603
0.1578
0.1569
0.1526
0.1587
0.1958
0.2421
0.2457
0.2173
0.2167
0.2097
0.2017
0.2252
0.2199
0.2319
0.2593
0.2529
0.2252
0.2303
0.2045
0.2168
0.2314
0.2271
0.2122
0.213
0.2173
0.2143
0.2095
0.1983
0.1711
0.1846
0.1828
0.1814
0.1933
0.1848
0.1817
0.171
0.1728
0.1791
0.1757
0.1846
0.1892
0.2099
0.2023
0.1967
0.1999
0.2083
0.2031
0.2033
0.2135
0.238
0.2334
0.2397
0.2799
0.2501
0.2582
0.2632
0.2464
0.2602
0.2556
0.2652
0.2579
0.2295
0.217
0.2139
0.2082
0.2097
0.2014
0.1917
0.2069
