338.97
334.74
331.56
331.47
331.93
339.26
335.33
334.99
334.46
334.51
334.64
327.36
324.7
310.09
312.61
298.29
285.24
299.41
303.38
302.62
312.43
316.02
328.12
349.73
339.79
324.84
338.33
332.19
333.56
329.92
328.3
329.06
323.76
324.33
318.19
314.7
319.06
315.03
311.27
315.12
315.99
315.8
321.69
322.06
317.19
313.6
317.03
313.91
314.94
315.73
315.95
318.35
317.69
319.25
314.22
313.32
313.65
311.89
312.97
310.54
315.21
311.13
312.74
312.17
312.21
312.59
312.68
312.42
314.21
313.02
312.43
311.78
311.98
315.16
313.04
312.54
312.65
313.54
314.11
325.24
322.02
330.16
326.09
322.06
319.3
319.95
313.24
309.89
308.69
314.51
314.18
314.47
310.56
305.01
310.73
309.53
305.37
302.38
300.12
310.12
312.64
306.16
310
313.11
316.62
312.41
321.56
315.9
316.22
315.46
313.98
313.43
311.5
314.39
317.31
318.92
320.11
323.4
322.22
321.92
326.2
323.94
318.51
318.56
319.28
320.69
318.35
320.88
316.82
316.97
317.94
317.18
317.4
321.74
318.86
320.02
325.33
319.29
319.24
320.32
321.67
322.28
321.34
319.54
321.34
318.57
317.95
318.24
318.88
311.94
308.68
311.66
309.08
310.93
311.74
311.24
311.06
308.73
310.46
309.5
309.89
311.39
313.46
315.81
314.1
315.43
315.77
316.5
313.94
314.15
313.54
312.96
312.41
312.18
312.45
315.36
317.73
316.62
314.67
315.7
314.92
313.04
315.1
314.46
312.9
311.82
312.89
313.02
313.94
313.69
311.09
309.92
308.61
309.14
309.19
340.87
355.76
356.74
350.5
365.16
381.89
373.26
356.93
368.28
362.49
357.95
351.7
357.78
356.24
361.97
368.48
381.15
367.84
372.53
367.59
360.92
360.94
363.3
371.27
364.49
329.74
336.34
333.35
333.09
328.13
327.21
314.34
314.06
324.16
320.14
318.78
321.97
324
329.02
333.95
339.88
338.72
336.32
327.26
330.34
332.96
332.3
328.17
325.34
327.77
326.45
332.46
335.98
333.67
333.13
334.83
330.65
325.32
328.47
329.06
329.61
327.3
329.92
329.77
329.69
329.66
330.45
331.41
331.08
330.75
330.68
328.65
325.17
323.67
322.3
323.61
323.61
324.13
324.76
331.27
332.91
327.72
328.28
326.54
327.45
329.34
325.57
327.7
326.9
326.03
323.9
322.91
322.84
321.6
318.43
319.68
325.84
321.96
321.82
322
321.97
320.47
318.89
320.77
320.85
319.85
317.2
318.12
318.96
318.65
321.21
321.48
321.28
322.12
324.43
341.5
344.25
341.97
345.66
342.5
341.9
326.52
325.05
319.14
328.72
326.94
333.42
337.72
335.39
335.62
333.99
336.37
331.87
330.45
328.53
330.4
332.36
325.88
325.16
324
325.41
327.72
