95.717018
93.538727
93.313049
94.107834
93.754601
94.294258
91.644997
90.310555
91.831421
92.626205
93.80365
94.088203
93.205109
93.73497
94.137268
94.863365
95.157722
95.589455
95.049797
96.933723
96.923904
97.95417
97.993423
98.081734
97.561691
96.80616
95.510956
94.853554
101.015549
102.379417
102.251869
104.057297
102.5168
103.802185
104.443428
106.031723
106.909737
107.343811
106.544724
106.475662
106.722298
108.004776
107.90612
107.748291
107.610176
107.886398
107.047852
107.383263
106.574318
106.120514
105.499008
105.380623
104.571663
104.670319
105.29184
106.278366
106.248756
106.899872
104.098145
101.740341
104.019218
106.495399
110.263916
114.012718
113.371475
112.04953
112.039665
112.019936
113.075523
111.191254
111.358955
111.566124
112.414543
110.668396
111.52668
111.003807
111.477348
111.52668
112.355354
112.523064
114.486252
114.73288
115.758865
115.403717
116.04496
115.966042
115.887123
115.541832
115.482635
115.028831
116.064682
116.656609
114.032448
112.937408
112.187653
112.010071
109.987694
110.086349
108.906357
107.924675
109.481483
110.126007
109.947525
106.883514
107.518127
104.820999
106.209229
109.065002
109.025345
109.134422
110.790382
110.859787
110.294586
110.849876
110.631721
110.522652
109.590553
108.569214
108.975769
108.192413
109.025345
110.09626
111.177101
112.991707
112.347183
114.221283
114.221283
114.845985
114.99472
115.659088
115.966476
116.075554
115.312035
115.540092
116.273872
115.778084
115.748337
114.845985
115.17321
115.044304
115.629341
116.918411
117.989319
118.108315
118.742935
118.247139
118.038902
118.990829
118.980911
118.772675
118.990829
119.07016
118.96109
120.855019
120.91452
120.924423
120.607117
120.329475
127.667236
127.449089
127.994469
129.19429
130.423859
130.929581
131.875671
131.576904
132.742081
134.464981
134.952957
134.793625
135.162109
136.138077
136.546387
135.968781
136.098251
136.367126
136.426895
139.215363
138.388794
139.205414
138.767227
138.946487
138.428619
138.109924
138.568039
138.627792
138.418671
139.882629
140.111679
139.414551
140.87851
139.265167
140.838669
140.340729
140.061874
140.300903
143.208893
143.527573
143.338348
143.069473
143.109299
144.174911
143.427994
143.069473
142.750778
142.581482
141.047821
141.217117
140.4702
141.246994
140.619568
140.101715
141.854477
141.685181
143.049545
143.935883
143.089371
143.198929
143.059494
145.977463
146.903641
146.45549
145.927673
148.347687
152.381027
153.35701
152.630005
153.949997
156.100006
155.699997
155.470001
150.25
152.539993
153.059998
153.990005
153.800003
153.339996
153.869995
153.610001
153.669998
152.759995
153.179993
155.449997
153.929993
154.449997
155.369995
154.990005
148.979996
145.419998
146.589996
145.160004
143.279999