37.29
37.4
37.36
37.78
36.24
35.22
36.04
36.86
37.56
37.99
37.5
37.51
37.52
37.74
37.96
37.89
37.64
37.96
37.72
37.95
38.17
38.9
38.85
39.38
38.32
38.76
38.66
38.52
38.19
38.8
38.57
38.39
38.92
38.99
39.24
39.24
39.93
41.27
42.94
42.67
42.49
42.7
42.9
43.02
42.52
42.6
41.91
42.03
42.27
42.26
42.58
42.75
42.93
43.28
44.71
44.35
44.36
42.92
43.46
43.04
43.46
43.99
43.67
43.19
42.79
44.14
44.15
42.8
42.29
43.37
43.69
42.57
43.1
43.13
43.18
43.71
43.68
43.22
43.92
42.68
42.36
41.62
41.44
41.79
41.68
42.73
42.38
42.17
42.59
42.55
42.08
41.87
41.78
41.55
41.33
40.68
40.23
40.28
41.05
41.16
41.21
40.16
40.42
39.3
40.21
40.98
41.45
41.19
41.11
41.01
40.96
40.87
41.45
41.6
41.02
39.63
40.07
40.2
39.97
40.52
41.41
41.76
41.3
41.47
40.91
38.41
38.61
38.42
39.16
39.15
38.5
38.66
38.92
38.73
38.64
38.67
38.9
40.06
41.34
41.23
41.34
42.3
42.59
42.11
42.27
41.99
42.03
42.09
42.05
42.4
43.9
44.94
44.55
44.42
43.93
44.07
43.78
43.69
43.71
44.42
44.37
45.07
45.08
45.03
45.46
45.02
45.65
45.16
45.1
45.5
45.98
45.41
45.55
45.71
45.66
46.24
45.94
45.91
45.64
45.73
45.98
45.94
45.98
46.57
46.37
46.29
46.61
46.59
46.77
45.77
46.06
46.6
46.4
46.4
46.57
46.78
46.62
46.41
46.43
46.23
46.38
46.28
46.44
47.21
46.79
46.83
46.9
47.39
47.56
47
47.67
47.52
48.15
48.4
48.26
48.36
48.21
48.61
49.09
48.54
48.45
48.49
48.85
49.49
49.4
49.69
49.65
49.86
50.96
49.65
49.63
50.18
50.65
50.31
50.32
50.6
50.67
50.56
50.32
50.65
50.6
50.6
50.5
50.55
55.71
54.02
53.12
52
52.63
52.58