113.566742
112.928009
111.611237
111.60141
111.581757
112.633217
110.756317
110.923363
111.129723
111.974823
110.235504
111.090431
110.569603
111.04129
111.090431
111.915863
112.082916
114.038429
114.284088
115.306061
114.952301
115.591034
115.512428
115.433815
115.089874
115.030914
114.57888
115.61068
116.200294
113.586395
112.495644
111.748817
111.57193
109.557465
109.655731
108.480354
107.502518
109.053238
109.695236
109.517456
106.465424
107.097557
104.41098
105.793777
108.638382
108.598877
108.707527
110.35701
110.426147
109.863159
110.416275
110.198975
110.090332
109.16188
108.144531
108.5495
107.769203
108.598877
109.665604
110.742218
112.549728
111.907722
113.77449
113.77449
114.396751
114.544907
115.206673
115.512863
115.621513
114.860977
115.088142
115.819054
115.325203
115.29557
114.396751
114.722694
114.594292
115.17704
116.461075
117.527794
117.646317
118.278458
117.784599
117.577179
118.525383
118.515503
118.308083
118.525383
118.604401
118.495758
120.382278
120.441551
120.451416
120.135345
119.858795
127.167854
126.950554
127.493805
128.688934
129.913696
130.417435
131.359818
131.062225
132.222839
133.939011
134.425079
134.266357
134.633408
135.60556
136.012268
135.43692
135.565887
135.83371
135.89325
138.670807
137.847473
138.660889
138.224426
138.402985
137.887146
137.569687
138.026016
138.085541
137.877228
139.335464
139.563614
138.869217
140.327454
138.720413
140.287766
139.791763
139.514008
139.752106
142.648712
142.966141
142.777664
142.509842
142.549515
143.610962
142.866959
142.509842
142.192398
142.023758
140.496094
140.664734
139.920731
140.694489
140.069519
139.553696
141.299591
141.130966
142.48999
143.372864
142.529663
142.638794
142.499893
145.406448
146.32901
145.882614
145.356857
147.76741
151.784973
152.757141
152.032974
153.347809
155.48941
155.090958
154.861862
149.662277
151.943314
152.461288
153.38765
153.198395
152.740189
153.268112
153.00914
153.068893
152.16246
152.580811
154.841934
153.327881
153.845856
154.762253
154.383743
148.397247
144.851166
146.016586
144.592194
143.725586
141.713501
145.767578
144.442764
145.299408
145.060364
145.707809
145.249619
143.167786
145.259567
143.117966
143.45665
142.93869
143.526367
142.171692
143.616013
144.492584
144.960739
145.169922
147.191986
148.457001
148.974976
149.49295
150.429276
149.751923
149.682205
151.495071
152.142548
152.859726
149.971069
148.915207
148.148224
149.463058
156.52533
154.961472
155.778259
158.188797
159.453827
160.429993
155.320007
157.479996
159.850006
161.600006
160.949997
157.860001
157.5
157.210007
159.779999
159.979996
159.270004
159.860001
161.470001
162.910004
163.350006
164
164.050003
162.080002
161.910004
161.259995
158.630005
161.5
160.860001
159.649994
158.279999
160.125305