765.700012
771.409973
776.219971
787.210022
786.900024
774.210022
783.01001
781.559998
775.01001
777.289978
772.559998
776.429993
776.469971
776.859985
775.080017
785.940002
783.070007
786.140015
778.190002
778.530029
779.960022
795.26001
801.5
796.969971
799.369995
813.109985
807.669983
799.070007
795.349976
795.369995
784.539978
783.609985
768.700012
762.130005
762.02002
782.52002
790.51001
785.309998
762.559998
754.02002
736.080017
758.48999
764.47998
771.22998
760.539978
769.200012
768.27002
760.98999
761.679993
768.23999
770.840027
758.039978
747.919983
750.5
762.52002
759.109985
771.190002
776.419983
789.289978
789.27002
796.099976
797.070007
797.849976
790.799988
794.200012
796.419983
794.559998
791.26001
789.909973
791.549988
785.049988
782.789978
771.820007
786.140015
786.900024
794.02002
806.150024
806.650024
804.789978
807.909973
806.359985
807.880005
804.609985
806.070007
802.174988
805.02002
819.309998
823.869995
835.669983
832.150024
823.309998
802.320007
796.789978
795.695007
798.530029
801.48999
801.340027
806.969971
808.380005
809.559998
813.669983
819.23999
820.450012
818.97998
824.159973
828.070007
831.659973
830.76001
831.330017
828.640015
829.280029
823.210022
835.23999
830.630005
829.080017
827.780029
831.909973
835.369995
838.679993
843.25
845.539978
845.619995
847.200012
848.780029
852.119995
848.400024
830.460022
829.590027
817.580017
814.429993
819.51001
820.919983
831.409973
831.5
829.559998
838.549988
834.570007
831.409973
827.880005
824.669983
824.72998
823.349976
824.320007
823.559998
837.169983
836.820007
838.210022
841.650024
843.190002
862.76001
872.299988
871.72998
874.25
905.960022
912.570007
916.440002
927.039978
931.659973
927.130005
934.299988
932.169983
928.780029
930.599976
932.219971
937.080017
943
919.619995
930.23999
934.01001
941.859985
948.820007
954.960022
969.539978
971.469971
975.880005
964.859985
966.950012
975.599976
983.679993
976.570007
980.940002
983.409973
949.830017
942.900024
953.400024
950.76001
942.309998
939.780029
957.369995
950.630005
959.450012
957.090027
965.590027
952.27002
927.330017
940.48999
917.789978
908.72998
898.700012
911.710022
906.690002
918.590027
928.799988
930.090027
943.830017
947.159973
955.98999
953.419983
965.400024
970.890015
968.150024
972.919983
980.340027
950.700012
947.799988
934.090027
941.530029
930.5
930.830017
930.390015
923.650024
927.960022
929.359985
926.789978
922.900024
907.23999
914.390015
922.669983
922.219971
926.960022
910.97998
910.669983
906.659973
924.690002
927
921.280029
915.890015
913.809998
921.289978
929.570007
939.330017
937.340027
928.450012
927.809998
935.950012
926.5
929.080017
932.070007
935.090027
925.109985
920.289978