43.189999
42.790001
44.139999
44.150002
42.799999
42.290001
43.369999
43.689999
42.57
43.099998
43.130001
43.18
43.709999
43.68
43.220001
43.919998
42.68
42.360001
41.619999
41.439999
41.790001
41.68
42.73
42.380001
42.169998
42.59
42.549999
42.080002
41.869999
41.779999
41.549999
41.330002
40.68
40.23
40.279999
41.049999
41.16
41.209999
40.16
40.419998
39.299999
40.209999
40.98
41.450001
41.189999
41.110001
41.009998
40.959999
40.869999
41.450001
41.599998
41.02
39.630001
40.07
40.200001
39.970001
40.52
41.41
41.759998
41.299999
41.470001
40.91
38.41
38.610001
38.419998
39.16
39.150002
38.5
38.66
38.919998
38.73
38.639999
38.669998
38.900002
40.060001
41.34
41.23
41.34
42.299999
42.59
42.110001
42.27
41.990002
42.029999
42.09
42.049999
42.400002
43.900002
44.939999
44.549999
44.419998
43.93
44.07
43.779999
43.689999
43.709999
44.419998
44.369999
45.07
45.080002
45.029999
45.459999
45.02
45.650002
45.16
45.099998
45.5
45.98
45.41
45.549999
45.709999
45.66
46.240002
45.939999
45.91
45.639999
45.73
45.98
45.939999
45.98
46.57
46.369999
46.290001
46.610001
46.59
46.77
45.77
46.060001
46.599998
46.400002
46.400002
46.57
46.779999
46.619999
46.41
46.43
46.23
46.380001
46.279999
46.439999
47.209999
46.790001
46.830002
46.900002
47.389999
47.560001
47
47.669998
47.52
48.150002
48.400002
48.259998
48.360001
48.209999
48.610001
49.09
48.540001
48.450001
48.490002
48.849998
49.490002
49.400002
49.689999
49.650002
49.860001
50.959999
49.650002
49.630001
50.18
50.650002
50.310001
50.32
50.599998
50.669998
50.560001
50.32
50.650002
50.599998
50.599998
50.5
50.549999
55.709999
54.02
53.119999
52
52.630001
52.580002
52.580002
54.459999
53.810001
55.09
54.560001
54.73
54.310001
53.639999
54.950001
54.299999
54.48
54.450001
55.619999
54.529999
54.549999
54.799999
55.25
56.34
56.459999
57.23
57.509998
58.48
58.360001
58.450001
58.16
58.150002
58.07
58.900002
58.43
59.200001
58.400002
58.5
57.66
58.150002
58.509998
60.029999
59.860001
59.77
58.029999
57.919998
58.869999
59.990002
60.650002
62.200001
63.07
63.599998
65.419998
65.82
65.5
64.510002
63.529999
63.169998
64.160004
64.080002
64.050003
63.860001
63.32
64.019997
63.580002
65.139999
65.360001
66.519997
66.080002
66.410004