608.7
608.53
599.47
595.8
595.03
601.71
601.34
599.18
606.81
604.76
603.52
605.06
608.44
613.93
610.29
612.34
609.37
610.88
610.9
616.49
616.6
614.62
617.42
639.37
635.08
635.02
638.37
637.37
639.83
636.92
635.51
628.15
628.62
630.15
652.71
649.24
648.4
652.89
674.36
686.52
688.1
712.87
696.35
697.37
729.27
742.46
687.51
702.54
704.16
712.24
704.02
709.15
721.19
713.67
716.56
703.55
702.5
706.39
711.96
742.07
735.41
749.68
750.63
728.61
736.72
748.22
741.6
736.4
738.28
732.82
728.42
731.75
731.76
742.01
753.25
771.41
764.97
766.46
750.71
758.81
763.9
766.75
770.41
773.21
768.62
777.91
775.25
776.64
775.48
780.85
788.58
788.59
790.16
798.78
833.1
858.74
916.79
894.2
894.48
902.55
931.11
978.01
969.62
960.47
968.23
997.69
1018.05
1030.82
1129.87
1005.81
895.67
905.17
913.52
899.35
904.79
775.98
802.83
826.12
818.64
822.42
830.26
904.45
884.25
898.02
891.62
920.01
925.33
912.69
885.65
894.11
915.1
918.56
920.28
914.04
920.24
967.67
987.35
1007.79
1018.11
1033.65
1013.99
1024.61
1052.54
1054.34
988.95
993.08
1010
999.51
996.86
1009.25
1009.12
1034.08
1053.12
1058.41
1052.82
1083.24
1123.66
1122.19
1178.38
1180.92
1151.58
1179.97
1194.28
1190.89
1230.02
1260.92
1290.79
1267.68
1277.68
1280.87
1232.43
1150.48
1191.81
1117.02
1181.64
1229.5
1243.24
1246.31
1259.6
1172.91
1070.13
970.6
1017.8
1041.34
1115.04
1037.44
1029.95
935.95
964.69
965.23
1040.49
1044.25
1040.39
1037.53
1079.75
1089.51
1098.78
1147.63
1143.75
1135
1190.6
1193.02
1184.82
1210.05
1213.34
1224.77
1216.5
1178.53
1183.44
1180.7
1184.79
1203.73
1217.6
1226.94
1255.4
1257.13
1244.37
1248.22
1248.32
1263.54
1284.84
1329.19
1320.05
1327.04
1347.96
1402.08
1443.68
1492
1515.63
1512.21
1548.29
1555.47
1639.32
1706.93
1756.8
1807.37
1676.99
1759.96
1772.42
1697.38
1718.2
1802.16
1887.33
1968.1
2051.73
2055.62
2139.03
2291.48
2476.3
2357.5
2247.48
2106.31
2207.58
2289.87
2197.23
2330.23
2452.18
2517.41
2555.65
2552.81
2736.59
2914.08
2694.22
2825.03
2826.7
2942.34
3018.54
2682.59
2738.93
2494.48
2456.92
2528.1
2664
2576.17
2641.66
2778.83
2712.16
2740.79
2738.22
2619.12
2594.45
2485.36
2593.17
2584.56
2561.56
2499.98
2460.2
2529.78
2581.07
2625.07
2629.27
2619.11
2521.24
2579.93
2525.67
2371.96
2332.19
2423.16
2364.52
2232.65
1993.26
1938.94
2244.26
2327.9
2294.4
2877.39
2694.29
2838.81
2762.63
2779.04
2591.22
2550.18
2697.47
2805.18
2720.08
2746.33
2873.83
2735.59
2723.58
2814.36
2883.68
3301.76
3255
3431.97
3453.16
3377.54
3445.28
3679.61
3917.65
4111.2
4382.74
4204.43
4425.3
4316.34
4159.46
4206.13
4111.22
4054.94
4137.67
4191.22
4362.47
4408.32
4387.46
4394.51
4439.66
4648.13
4630.73
4764.87
4950.72
4643.97
4631.69
4319.72
4422.12
4626.72
4638.1
4317.54
4291.88
4191.17
4188.84
4148.27
3874.26
3226.41
3686.9
3678.74
3672.57
4012.15