3.00
1.20
1.20
0.00
0.99
1.29
1.88
1.79
1.79
1.30
1.37
1.36
1.24
1.52
1.44
1.40
1.35
1.24
1.27
1.18
1.14
1.30
1.18
1.32
1.31
1.36
1.14
1.23
1.35
1.37
1.34
1.28
1.26
1.21
1.19
0.92
1.15
0.89
0.96
0.95
0.94
0.88
0.85
0.89
0.89
0.94
0.81
0.91
0.80
0.68
0.77
0.70
0.60
0.68
0.71
0.65
0.66
0.68
0.61
0.61
0.65
0.60
0.62
0.64
0.64
0.60
0.63
0.60
0.50
0.56
0.53
0.52
0.51
0.50
0.44
0.61
0.42
0.56
0.56
0.62
0.71
0.83
0.99
1.12
1.14
0.87
0.99
0.99
1.06
0.80
0.88
0.99
0.93
1.00
1.00
0.90
0.75
0.88
0.90
0.88
0.92
0.93
1.00
1.00
0.94
0.92
0.96
0.97
0.92
0.91
0.87
0.86
0.88
0.91
0.87
0.88
0.87
0.83
0.82
0.84
0.87
0.83
0.79
0.81
0.81
0.84
0.90
0.96
0.92
0.99
1.00
0.80
0.94
0.90
0.89
1.07
0.91
0.88
0.87
0.87
0.88
0.85
0.92
0.87
0.86
0.89
0.95
0.92
0.95
0.96
0.95
0.94
0.95
0.94
0.99
0.99
1.00
1.08
1.22
1.14
1.16
1.20
1.22
1.31
1.47
1.22
1.54
1.54
1.52
2.03
2.10
2.50
2.30
2.42
2.55
2.41
2.44
2.20
2.17
2.45
2.53
2.57
2.56
2.53
3.00
3.16
3.76
4.35
6.38
5.22
5.27
5.20
5.22
4.25
3.86
4.36
4.45
4.37
4.63
5.60
5.70
6.23
5.93
6.03
6.31
6.50
6.35
7.59
8.70
9.35
9.96
11.00
10.98
9.50
9.88
11.55
11.11
11.25
13.25
15.00
12.50
13.09
12.92
11.14
10.75
10.55
10.06
11.97
10.96
12.29
11.13
10.69
11.00
10.50
11.58
11.73
11.88
11.41
11.63
11.61
11.58
11.10
10.39
10.79
10.08
9.74
9.16
8.80
8.72
7.53
8.02
8.48
8.22
8.48
9.45
8.92
8.77
8.54
8.15
7.83
8.31
8.00
7.43
7.50
7.77
7.30
7.51
8.83
8.76
10.03
9.37
9.43
9.79
9.27
9.30
9.44
9.32
9.39
9.97
10.10
10.48
10.14
9.94
11.04
12.26
13.29
14.49
13.73
13.95
14.21
13.45
12.62
12.53
12.37
11.56
11.11
12.28
12.48
13.85
13.83
13.78
13.78
13.66
13.85
13.96
14.41
14.44
14.49
13.97
14.01
15.57
17.55
18.70
18.30
20.61
15.49
11.36
12.33
11.70
12.71
13.21
14.25
13.58
14.28
13.82
14.04
12.15
12.76
12.40
12.23
12.04
11.85
11.34
10.45
10.51
10.07
11.30
10.92
10.97
10.58
10.54
10.44
11.55
11.88
11.59
11.19
11.03
11.63
12.54
12.66
14.82
14.40
12.63
13.84
12.08
13.05
12.87
12.87
12.57
11.86
11.04
8.30
10.42
11.21
11.05
10.95
10.98
11.29
12.22
12.22
11.68
11.78
11.56
11.21
11.21
11.17
10.77
10.77
10.71
11.28
11.14
11.07
11.01
11.01
11.35
11.26
11.19
10.99
10.95
11.21
11.55
12.21
12.08
11.85
11.71
11.75
11.70
11.59
11.39
11.72
12.05
11.64
11.89
11.92
11.97
11.96
12.61
12.83
12.39
12.93
14.72
13.72
13.11
13.36
12.91
13.05
12.89
13.09
13.17
13.30
13.24
13.21
13.23
13.45
13.32
13.09
12.87
12.68
12.24
12.06
11.74
11.75
11.77
12.02
11.90
11.96
11.93
11.98
12.50
11.98
12.05
12.07
12.06
11.95
11.93
11.38
11.50
11.43
11.08
10.39
11.22
10.91
10.75
10.82
10.86
11.13
11.11
10.97
10.90
10.86
10.64
10.52
10.29
9.96
10.13
10.22
10.00
10.01
9.95
9.53
9.70
9.57
9.56
9.84
9.78
9.22
9.39
9.34
8.91
8.66
8.18
8.59
8.44
7.65
7.90
7.54
6.69
7.61
8.35
8.30
8.52
8.09
8.20
8.45
8.40
8.23
7.76
7.85
7.66
7.89
7.61
7.59
7.87
7.64
7.16
7.23
7.19
7.21
7.15
7.57
8.21
8.16
8.05
8.14
8.33
9.59
10.88
10.20
10.07
9.78
10.27
10.20
10.55
9.83
9.81
9.78
9.78
9.88
9.59
10.14
10.19
10.43
10.60
10.91
10.71
10.78
10.51
10.51
10.65
10.51
10.54
10.47
10.62
10.71
10.71
10.78
10.95
11.32
11.22
11.32
11.45
11.39
10.94
11.34
11.43
11.42
11.39
13.00
12.97
12.95
12.72
12.83
12.82
12.52
12.77
12.69
13.13
13.11
13.57
14.59
15.55
16.07
17.55
19.08
19.48
18.61
19.22
19.75
18.91
16.54
17.71
19.13
21.45
23.31
28.45
28.58
35.18
45.51
44.48
34.00
43.12
42.51
42.67
41.65
43.20
53.19
50.62
50.63
49.06
50.25
53.07
51.91
49.91
50.60
48.55
44.13
44.43
44.90
43.23
42.31
44.37
43.72
43.74
43.74
46.38
49.97
47.32
48.89
48.22
47.94
49.88
47.88
49.36
48.27
48.41
48.75
49.94
50.09
53.28
63.14
72.42
69.83
79.83
77.53
77.25
80.37
94.55
90.79
94.82
90.46
88.39
86.27
87.83
88.20
85.15
87.96
88.72
90.32
87.80
86.98
95.88
124.38
123.06
148.00
160.39
169.50
193.03
177.33
162.83
156.63
172.86
194.17
228.58
228.64
220.70
222.04
224.30
244.96
247.75
264.26
255.77
259.41
279.11
335.95
339.68
394.66
388.09
343.84
344.68
353.61
368.10
351.53
358.20
350.53
325.30
320.97
326.85
304.54
279.36
253.68
286.14
315.86
292.90
280.68
261.00
283.99
276.41
269.05
266.00
265.88
240.94
245.67
237.72
205.76
190.55
224.15
205.41
197.14
169.10
155.42
189.97
227.09
194.41
226.33
216.33
230.47
228.32
225.48
203.59
202.88
202.93
191.21
206.14
196.78
201.33
225.90
218.12
224.39
220.60
253.09
264.56
269.94
296.51
295.28
298.28
309.32
308.02
296.62
299.16
286.52
301.38
300.30
292.62
293.02
298.20
321.85
313.37
317.40
325.28
330.06
332.86
347.88
347.66
372.35
383.86
388.33
391.42
351.03
352.45
303.70
317.94
338.92
335.37
306.72
303.79
299.21
297.95
294.10
275.84
223.14
259.57
254.49
258.40
297.53
283.00
283.56
257.77
262.94
286.14
282.60
294.89
288.64
309.97
302.77
292.58
302.77
303.95
296.81
291.81
291.68
294.99
308.33
311.26
309.49
296.95
298.46
302.86
302.89
336.83
338.81
336.58
334.23
316.14
313.54
307.41
303.08
299.55
293.58
